0,0,0.844828,0.666667,0.324781,0.5,1
1,1,0.068966,0.333333,0.42021,0.5,1
0,0,0.534483,0.333333,0.195144,0,0
0,0,0.465517,0.333333,0.496223,0.5,0.5
0,0,0.603448,0.333333,0.413842,0.5,0.5
0,0,0.293103,0.333333,0.398549,0,0
0,0,0.603448,0.333333,0.441129,0.5,0.5
0,0,0.293103,0.333333,0.576858,1,0.5
0,1,0.741379,0.666667,0.423201,0,0
0,1,0.172414,0.333333,0.507487,1,0
1,1,0.12069,0.333333,0.265552,0.5,0
1,1,0.103448,0.333333,0.335478,0.5,0
1,1,0.068966,0.333333,0.266349,0.5,1
0,0,0.724138,0.666667,0.195743,0,0
1,1,0.172414,0.333333,0.245189,0.5,0.5
1,1,0.241379,0.333333,0.192285,0,0
0,0,0.603448,0.333333,0.327998,0.5,0
0,0,0.12069,0,0.444562,0.5,1
1,1,0.448276,0.666667,0.826667,1,1
0,0,0.224138,0,0.397851,0.5,0.5
0,0,0.517241,0.333333,0.303237,0.5,0.5
0,0,0.448276,0.333333,0.408285,0.5,0.5
0,0,0.517241,0.333333,0.197315,0,0
0,0,0.448276,0.333333,0.362246,0.5,1
0,1,0.137931,0.333333,0.247997,0.5,1
0,0,0.310345,0.333333,0.131893,0,0
0,1,0.362069,0.333333,0.118567,0,0
1,1,0.413793,0.666667,0.465002,0.5,0.5
0,0,0.275862,0.333333,0.305175,0.5,0.5
0,0,0.775862,0.666667,0.512006,0.5,0
0,1,0.310345,0.333333,0.452649,0.5,0.5
0,0,0.155172,0,0.308187,0.5,0.5
0,0,0.206897,0,0.463979,0.5,1
0,0,0.672414,0.666667,0.189276,0,0
1,1,0.258621,0.333333,0.437744,1,0.5
0,0,0.12069,0,0.25106,0,0
0,0,0.224138,0,0.393201,0.5,1
0,0,0.327586,0.333333,0.335771,0.5,0.5
0,0,0.327586,0.333333,0.305061,0.5,0.5
0,0,0.103448,0,0.207325,0.5,0.5
0,0,0.206897,0,0.466114,1,0.5
0,1,0.137931,0.333333,0.347634,0.5,0
0,0,0.448276,0.333333,0.35764,0,0
0,1,0.103448,0.333333,0.436044,0.5,0.5
1,1,0.689655,0.666667,0.389362,0,0.5
1,1,0.293103,0.333333,0.374929,1,0.5
0,0,0.362069,0.333333,0.381491,0.5,0
1,1,0.086207,0.333333,0.108174,0,0
0,0,0.362069,0.333333,0.346095,0,0
1,1,0.172414,0.333333,0.318058,0.5,0
0,0,0.189655,0,0.178038,0,0
0,0,0.206897,0,0.527777,1,1
0,0,0.12069,0,0.205555,0.5,1
0,0,0.224138,0,0.297318,0.5,0
0,0,0.672414,0.666667,0.365581,0.5,0.5
0,0,0.137931,0,0.081987,0,0
0,0,0.586207,0.333333,0.609592,1,1
1,1,0.224138,0.333333,0.54043,0.5,0.5
1,1,0.086207,0.333333,0.425672,1,0.5
1,1,0.086207,0.333333,0.290306,0,0
0,1,0.155172,0.333333,0.260017,0.5,1
0,0,0.551724,0.333333,0.321019,0.5,0.5
0,0,0.741379,0.666667,0.477377,1,0.5
0,0,0.12069,0,0.700295,0.5,1
1,1,0.137931,0.333333,0.301756,0.5,0.5
0,0,0.517241,0.333333,0.410493,0.5,0.5
1,1,0.189655,0.333333,0.275057,0.5,0
0,1,0.068966,0.333333,0.380021,0.5,0
0,0,0.327586,0.333333,0.260101,0.5,1
1,1,0.12069,0.333333,0.271219,0.5,1
1,1,0.206897,0.333333,0.487219,0.5,0.5
0,0,0.482759,0.333333,0.138452,0,0
0,0,0.568966,0.333333,0.387618,1,1
1,1,0.396552,0.666667,0.366052,0,0
0,0,0.37931,0.333333,0.384072,1,1
0,0,0.827586,0.666667,0.444069,1,1
0,0,0.275862,0.333333,0.326671,0.5,0.5
0,0,0.568966,0.333333,0.437441,0.5,1
0,0,0.362069,0.333333,0.423588,0,0
0,1,0.068966,0.333333,0.331106,0.5,0.5
1,1,0.448276,0.666667,0.451187,0.5,1
0,0,0.5,0.333333,0.366707,0.5,0.5
1,1,0.103448,0.333333,0.178992,0,0
1,1,0.689655,0.666667,0.235358,0,0
0,0,0.586207,0.333333,0.21158,0,0
1,1,0.189655,0.333333,0.358097,1,0.5
1,1,0.155172,0.333333,0.271383,0.5,1
0,0,0.5,0.333333,0.750318,0.5,0.5
0,0,0.206897,0,0.413809,1,1
0,0,0.172414,0,0.208901,0.5,1
0,0,0.655172,0.333333,0.273361,0.5,0.5
0,0,0.62069,0.333333,0.295293,0.5,0.5
1,1,0.258621,0.333333,0.128826,0,0
0,0,0.034483,0,0.339434,0.5,0.5
0,0,0.62069,0.333333,0.473063,0.5,1
0,0,0.689655,0.666667,0.850021,0.5,0.5
1,1,0.741379,0.666667,0.362802,0.5,0.5
0,0,0.275862,0.333333,0.361793,0.5,1
0,0,0.310345,0.333333,0.308267,0.5,0.5
0,0,0.310345,0.333333,0.583599,1,1
0,1,0.396552,0.333333,0.210359,0,0
0,0,0.103448,0,0.27278,0.5,0
1,1,0.103448,0.333333,0.216991,0.5,0.5
0,0,0.293103,0.333333,0.290683,0.5,0.5
0,1,0.137931,0.333333,0.261191,0.5,0.5
0,0,0.362069,0.333333,0.763655,1,1
0,0,0.362069,0.333333,0.538423,1,1
0,0,0.241379,0,0.427899,0.5,1
1,1,0.206897,0.333333,0.47276,0.5,0
0,1,0.293103,0.333333,0.382727,0.5,0
0,1,0.224138,0.333333,0.323074,0.5,0.5
1,1,0.086207,0.333333,0.260931,0.5,0.5
0,0,0.172414,0,0.312943,0,1
1,1,0.12069,0.333333,0.462882,0.5,0
0,1,0.293103,0.333333,0.3593,0.5,0.5
0,0,0.5,0.333333,0.351001,0.5,0.5
1,1,0.206897,0.333333,0.563239,1,0
1,1,0.155172,0.333333,0.267855,0.5,1
1,1,0.086207,0.333333,0.430323,0.5,0.5
0,1,0.310345,0.333333,0.52887,1,0.5
1,1,0.12069,0.333333,0.251601,0.5,1
1,1,0.396552,0.666667,0.479289,1,1
0,0,0.103448,0,0.110722,0,0
0,0,0.775862,0.666667,0.365303,0.5,0
1,1,0.155172,0.333333,0.293461,0.5,1
0,0,0.206897,0,0.250285,0.5,0.5
0,1,0.37931,0.333333,0.131136,0,0
0,0,0.206897,0,0.231176,0.5,1
0,0,0.275862,0.333333,0.395372,1,1
1,1,0.189655,0.333333,0.321666,0.5,0
1,1,0.103448,0.333333,0.515048,0.5,1
0,0,0.189655,0,0.414639,0.5,1
0,0,0.155172,0,0.152461,0,0
0,0,0.5,0.333333,0.295059,0.5,0.5
1,1,0.051724,0.333333,0.580905,0.5,0
1,1,0.344828,0.333333,0.26863,0.5,1
0,0,0.155172,0,0.617445,0.5,1
0,0,0.827586,0.666667,0.329654,0,0
0,0,0.293103,0.333333,0.319074,0.5,0.5
1,1,0.448276,0.666667,0.264755,0,0
0,1,0.155172,0.333333,0.197695,0,0
1,1,0.206897,0.333333,0.512646,1,0.5
0,0,0.155172,0,0.396663,1,1
0,0,0.068966,0,0.238923,0.5,0.5
1,1,0.086207,0.333333,0.261666,0.5,1
0,0,0.206897,0,0.383257,0.5,0.5
1,1,0.362069,0.666667,0.258211,0.5,0
1,1,0.568966,0.666667,0.336315,0.5,0
0,0,0.172414,0,0.358517,0.5,0.5
0,0,0.482759,0.333333,0.426096,0.5,1
0,0,0.413793,0.333333,0.307438,0.5,0
0,0,0.344828,0.333333,0.266704,0.5,1
0,0,0.103448,0,0.429398,0.5,0.5
1,1,0.189655,0.333333,0.652107,0.5,1
0,0,0.310345,0.333333,0.629795,1,1
1,1,0.034483,0.333333,0.217609,0.5,0.5
0,0,0.517241,0.333333,0.322902,0.5,0.5
0,1,0.465517,0.666667,0.133012,0,0
0,0,0.344828,0.333333,0.404695,0.5,1
0,0,0.275862,0.333333,0.144447,0,0
0,0,0.310345,0.333333,0.343495,0.5,0.5
1,1,0.206897,0.333333,0.238806,0.5,0.5
0,0,0.310345,0.333333,0.336345,0.5,1
0,0,0.896552,0.666667,0.691568,1,1
0,0,0.310345,0.333333,0.323958,0.5,1
0,0,0.241379,0,0.384906,0.5,0.5
1,1,0.258621,0.333333,0.250223,0.5,1
1,1,0.034483,0.333333,0.408928,0.5,1
1,1,0.12069,0.333333,0.326602,0.5,0.5
0,1,0.224138,0.333333,0.290778,0.5,1
0,0,0.258621,0.333333,0.217938,0.5,0
1,1,0.137931,0.333333,0.216892,0.5,0.5
1,1,0.275862,0.333333,0.428465,1,1
0,0,0.258621,0.333333,0.267124,0.5,0
0,0,0.137931,0,0.284,0.5,0.5
1,1,0.603448,0.666667,0.64123,1,0
0,1,0.413793,0.666667,0.312486,0.5,0
0,0,0.586207,0.333333,0.350581,0.5,1
0,0,0.224138,0,0.357333,1,0.5
0,0,0.810345,0.666667,0.297961,0.5,0
0,1,0.172414,0.333333,0.517157,0.5,1
0,1,0.206897,0.333333,0.48598,1,0.5
0,0,0.37931,0.333333,0.153137,0,0
0,0,0.551724,0.333333,0.514795,0.5,1
0,0,0.310345,0.333333,0.257275,0.5,0.5
0,0,0.224138,0,0.226493,0.5,0.5
1,1,0.965517,1,0.652691,1,0.5
0,0,0.862069,0.666667,0.141457,0,0
0,1,0.034483,0.333333,0.230891,0.5,0
1,1,0.258621,0.333333,0.357285,0.5,0.5
0,0,0.62069,0.333333,0.664708,1,1
0,0,0.275862,0.333333,0.295004,0,0
0,0,0.310345,0.333333,0.36365,0.5,1
0,1,0.189655,0.333333,0.258112,0.5,0.5
0,0,0.051724,0,0.338235,0.5,1
1,1,0.275862,0.333333,0.408705,1,1
1,1,0.172414,0.333333,0.24445,0.5,0
1,1,0.155172,0.333333,0.308666,0.5,0
0,0,0.310345,0.333333,0.323114,0.5,1
0,1,0.37931,0.333333,0.509597,1,0.5
0,0,0.586207,0.333333,0.371565,0.5,0
0,1,0.155172,0.333333,0.109614,0,0
0,0,0.137931,0,0.34377,0.5,0.5
0,1,0.051724,0.333333,0.192456,0.5,0.5
0,0,0.344828,0.333333,0.141972,0,0
0,0,0.344828,0.333333,0.681683,1,1
0,0,0.431034,0.333333,0.281671,0.5,0
0,0,0.137931,0,0.247061,0.5,1
0,1,0.051724,0.333333,0.281634,0,0
0,0,0.637931,0.333333,0.446412,0.5,1
0,0,0.258621,0.333333,0.292481,0.5,1
1,1,0.465517,0.666667,0.270444,0,0
0,0,0.551724,0.333333,0.41994,0.5,0.5
0,0,0.827586,0.666667,0.523284,1,0
0,0,0.568966,0.333333,0.354383,0.5,0
1,1,0.362069,0.666667,0.183964,0,0
0,0,0.224138,0,0.287703,0.5,1
0,0,0.086207,0,0.358569,0.5,0.5
0,1,0.103448,0.333333,0.165896,0,0
1,1,0.793103,1,0.348807,0.5,0
0,1,0.137931,0.333333,0.120542,0,0
1,1,0.086207,0.333333,0.22348,0.5,0.5
0,0,0.206897,0,0.20066,0.5,1
0,0,0.241379,0,0.286197,0.5,0.5
0,0,0.206897,0,0.339291,0.5,0.5
0,0,0.155172,0,0.258803,0.5,0.5
0,0,0.155172,0,0.732755,0.5,0.5
0,0,0.603448,0.333333,0.628632,1,0.5
0,0,0.068966,0,0.204389,0.5,0.5
0,0,0.068966,0,0.263033,0.5,1
0,0,0.137931,0,0.377744,0.5,1
0,0,0.568966,0.333333,0.31411,0,0
0,0,0.293103,0.333333,0.314925,0.5,0
0,1,0.12069,0.333333,0.126084,0,0
0,0,0.413793,0.333333,0.155357,0,0
0,0,0.206897,0,0.349506,1,0
0,0,0.086207,0,0.479812,0,1
0,1,0.741379,0.666667,0.347148,0,0
1,1,0.293103,0.333333,0.261673,0.5,0.5
0,0,0.362069,0.333333,0.29061,0.5,0.5
1,1,0.189655,0.333333,0.230978,0.5,0
0,0,0.568966,0.333333,0.29307,0.5,0.5
0,0,0.103448,0,0.319966,0.5,0.5
1,1,0.155172,0.333333,0.23462,0.5,0
1,1,0.293103,0.333333,0.326371,0,0
0,0,0.12069,0,0.205417,0.5,1
0,0,0.586207,0.333333,0.265172,0.5,1
0,0,0.293103,0.333333,0.28204,0.5,0
0,0,0.137931,0,0.297548,0.5,0.5
1,1,0.068966,0.333333,0.193645,0.5,1
1,1,0.362069,0.666667,0.289791,0,0
1,1,0.482759,0.666667,0.283576,0,0
1,1,0.103448,0.333333,0.292642,0.5,0.5
0,0,0.293103,0.333333,0.385469,0.5,1
0,0,0.103448,0,0.262496,0.5,0.5
0,0,0.155172,0,0.350668,0,0
0,0,0.293103,0.333333,0.174952,0,0
0,1,0.189655,0.333333,0.259553,0.5,1
1,1,0.086207,0.333333,0.364509,0.5,0.5
1,1,0.672414,0.666667,0.260701,0,0
0,0,0.155172,0,0.225253,0.5,0.5
1,1,0.637931,0.666667,0.330948,0.5,1
0,0,0.310345,0.333333,0.489102,1,0.5
1,1,0.672414,0.666667,0.267292,0,0
0,0,0.241379,0,0.115208,0,0
0,0,0.327586,0.333333,0.257312,0.5,0
0,0,0.310345,0.333333,0.414595,0.5,0
1,1,0.344828,0.333333,0.278914,0.5,0
0,1,0.465517,0.666667,0.655565,1,1
0,0,0.12069,0,0.196328,0.5,0.5
0,0,0.241379,0,0.275105,0.5,1
1,1,0.327586,0.333333,0.37011,0.5,0.5
0,0,0.310345,0.333333,0.763015,1,1
0,0,0.172414,0,0.310311,0.5,0.5
0,1,0.275862,0.333333,0.510123,0,0
0,0,0.241379,0,0.276333,0.5,0.5
1,1,0.137931,0.333333,0.274487,0.5,0
0,1,0.534483,0.666667,0.177073,0,0
1,1,0.241379,0.333333,0.369441,0.5,1
0,0,0.189655,0,0.398681,1,1
0,0,0.086207,0,0.421698,0.5,0.5
0,0,0.551724,0.333333,0.289418,0.5,0.5
0,0,0.534483,0.333333,0.238104,0,0
0,0,0.775862,0.666667,0.325435,0.5,1
0,1,0.327586,0.333333,0.425822,0.5,1
1,1,0.293103,0.333333,0.482989,0,0.5
0,0,0.137931,0,0.332224,0.5,1
0,0,0.224138,0,0.636799,1,1
1,1,0.534483,0.666667,0.328419,0.5,0.5
0,1,0.517241,0.666667,0.275478,0.5,0.5
0,1,0.137931,0.333333,0.213145,0.5,0
0,1,0.172414,0.333333,0.653627,1,0.5
1,1,0.448276,0.666667,0.57757,1,0.5
0,0,0.655172,0.333333,0.485801,0.5,0.5
0,1,0.482759,0.666667,0.611135,1,0.5
1,1,0.137931,0.333333,0.57258,0.5,1
1,1,0.034483,0.333333,0.336692,0.5,1
0,0,0.465517,0.333333,0.155086,0,0
0,0,0.431034,0.333333,0.302027,0.5,0.5
0,0,0.241379,0,0.458985,0.5,1
1,1,0.62069,0.666667,0.076006,0,0
1,1,0.413793,0.666667,0.403189,0.5,0.5
0,0,0.327586,0.333333,0.19956,0,0
0,0,0.534483,0.333333,0.267687,0.5,0
0,0,0.448276,0.333333,0.670806,0.5,0
0,1,0.258621,0.333333,0.398012,0.5,0.5
1,1,0.103448,0.333333,0.243456,0,0
0,1,0.258621,0.333333,0.160987,0,0
1,1,0.103448,0.333333,0.260598,0.5,1
0,1,0.068966,0.333333,0.096629,0,0
0,0,0.37931,0.333333,0.207416,0,0
0,0,0.12069,0,0.404037,0.5,0
1,1,0.137931,0.333333,0.387498,0.5,0.5
0,1,0.12069,0.333333,0.11973,0,0
0,0,0.189655,0,0.181492,0,0
0,0,0.224138,0,0.275138,0.5,1
0,0,0.344828,0.333333,0.114349,0,0
1,1,0.517241,0.666667,0.330206,0,0
0,0,0.241379,0,0.206283,0.5,1
1,1,0.155172,0.333333,0.211211,0,0
0,1,0.172414,0.333333,0.472917,1,0
0,1,0.241379,0.333333,0.260895,0.5,0
0,0,0.275862,0.333333,0.399321,1,0
0,0,0.172414,0,0.4114,0.5,0
1,1,0.310345,0.333333,0.25536,0.5,1
0,0,0.362069,0.333333,0.211675,0,0
0,0,0.534483,0.333333,0.434852,0.5,1
1,1,0.275862,0.333333,0.41503,0.5,1
0,0,0.224138,0,0.401554,0.5,0.5
0,0,0.172414,0,0.2404,0.5,1
0,0,0.982759,0.666667,0.648922,1,0.5
1,1,0.206897,0.333333,0.316555,0.5,0
1,1,0.103448,0.333333,0.636211,1,0.5
1,1,0.103448,0.333333,0.530728,0,0
0,0,0.086207,0,0.29968,0.5,0.5
0,1,0.448276,0.666667,0.45632,1,0.5
1,1,0.086207,0.333333,0.17833,0,0
1,1,0.103448,0.333333,0.22903,0.5,1
0,0,0.172414,0,0.316332,0.5,1
0,1,0.224138,0.333333,0.166569,0,0
1,1,0.103448,0.333333,0.418744,0.5,0.5
1,1,0.137931,0.333333,0.206751,0,0
0,1,0.12069,0.333333,0.41684,0.5,1
0,0,0.258621,0.333333,0.482967,1,0.5
0,0,0.327586,0.333333,0.290986,0,0
1,1,0.431034,0.666667,0.181222,0,0
0,0,0.086207,0,0.219291,0.5,1
1,1,0.086207,0.333333,0.225517,0,0
0,0,0.275862,0.333333,0.188362,0,0
0,0,0.241379,0,0.402516,0.5,0.5
1,1,0.086207,0.333333,0.224745,0.5,0
1,1,0.189655,0.333333,0.265424,0.5,1
0,0,0.344828,0.333333,0.422181,1,0.5
0,0,0.172414,0,0.387578,0.5,0.5
0,0,0.482759,0.333333,0.346735,0.5,1
0,0,0.086207,0,0.122388,0,0
0,0,0.534483,0.333333,0.313068,0.5,1
0,0,0.137931,0,0.430494,1,1
0,1,0.172414,0.333333,0.208447,0.5,0
1,1,0.086207,0.333333,0.265808,0.5,1
0,0,0.741379,0.666667,0.342644,0.5,1
0,0,0.327586,0.333333,0.491036,1,0
1,1,0.310345,0.333333,0.363946,0.5,0.5
0,1,0.051724,0.333333,0.222778,0.5,1
0,0,0.12069,0,0.028706,0,0
0,0,0.310345,0.333333,0.247463,0.5,0
0,0,0.155172,0,0.302221,0.5,0.5
1,1,0.068966,0.333333,0.306553,0.5,1
0,0,0.413793,0.333333,0.331786,0.5,0.5
1,1,0.37931,0.666667,0.369171,0.5,1
0,0,0.310345,0.333333,0.301409,0.5,0.5
0,0,0.258621,0.333333,0.397632,0.5,0.5
1,1,0.086207,0.333333,0.256683,0.5,0
0,0,0.775862,0.666667,0.86455,1,1
1,1,0.724138,0.666667,1,1,1
1,1,0.327586,0.333333,0.491913,0.5,0.5
0,1,0.275862,0.333333,0.280135,0.5,0
0,0,0.310345,0.333333,0.223038,0.5,0.5
0,0,0.672414,0.666667,0.899679,1,0.5
1,1,0.586207,0.666667,0.218325,0,0
0,0,0.362069,0.333333,0.27973,0.5,1
1,1,0.344828,0.333333,0.823103,1,1
1,1,0.12069,0.333333,0.232229,0.5,0
0,0,0.137931,0,0.276666,0.5,1
0,0,0.137931,0,0.253791,0,0
1,1,0.12069,0.333333,0.265746,0.5,0
1,1,0.051724,0.333333,0.21505,0.5,0.5
0,0,0.37931,0.333333,0.60639,1,0.5
0,0,0.155172,0,0.380343,0.5,1
1,1,0.155172,0.333333,0.243887,0.5,0.5
0,1,0.206897,0.333333,0.360598,1,1
1,1,0.017241,0.333333,0.275489,0,0
0,0,0.362069,0.333333,0.4258,1,0.5
1,1,0.224138,0.333333,0.273379,0.5,1
0,0,0.224138,0,0.372881,1,1
0,0,0.241379,0,0.67667,0.5,1
1,1,0.637931,0.666667,0.474844,1,1
0,1,0.482759,0.666667,0.316113,0.5,0
0,1,0.482759,0.666667,0.309532,0.5,0
1,1,0.431034,0.666667,0.331285,0,0
0,1,0.362069,0.333333,0.264989,0.5,1
0,1,0.172414,0.333333,0.280344,0.5,0.5
0,0,0.155172,0,0.47061,0.5,0.5
0,0,0.155172,0,0.08557,0,0
0,0,0.431034,0.333333,0.348409,0.5,0
0,1,0.068966,0.333333,0.268181,0.5,0
0,0,0.431034,0.333333,0.290865,0.5,0.5
0,1,0.155172,0.333333,0.215255,0.5,1
0,1,0.137931,0.333333,0.497302,1,0
0,1,0.172414,0.333333,0.378683,0.5,1
1,1,0.034483,0.333333,0.274553,0.5,0.5
0,0,0.293103,0.333333,0.554659,1,1
0,0,0.413793,0.333333,0.400962,1,0
0,0,0.37931,0.333333,0.250091,0,0
1,1,0.293103,0.333333,0.264832,0.5,0.5
0,0,0.293103,0.333333,0.395464,0.5,1
0,0,0.258621,0.333333,0.165432,0,0
1,1,0.086207,0.333333,0.478668,0.5,0.5
1,1,0.224138,0.333333,0.510719,1,0.5
1,1,0.258621,0.333333,0.280004,0.5,0.5
1,1,0.034483,0.333333,0.432498,0.5,1
0,0,0.206897,0,0.279927,0.5,0.5
0,0,0.5,0.333333,0.182275,0,0
0,0,0.275862,0.333333,0.402381,1,1
1,1,0.12069,0.333333,0.317038,0.5,1
0,1,0.051724,0.333333,0.291235,0.5,1
0,0,0.189655,0,0.269201,0.5,0
0,0,0.482759,0.333333,0.410899,0.5,1
0,0,0.034483,0,0.192764,0.5,0.5
1,1,0.637931,0.666667,0.097104,0,0
0,0,0.965517,0.666667,0.315506,0,0
0,0,0.189655,0,0.713083,1,1
0,0,0.310345,0.333333,0.368721,1,1
0,1,0.258621,0.333333,0.268023,0.5,0
0,0,0.12069,0,0.236232,0.5,1
0,1,0.12069,0.333333,0.257451,0.5,0
0,1,0.086207,0.333333,0.178827,0,0
1,1,0.327586,0.333333,0.415429,0.5,0.5
0,0,0.810345,0.666667,0.177687,0,0
1,1,0.137931,0.333333,0.057942,0,0
0,0,0.362069,0.333333,0.377894,1,0.5
1,1,0.206897,0.333333,0.258635,0.5,0.5
0,0,0.189655,0,0.2981,0.5,1
0,0,0.396552,0.333333,0.123485,0,0
1,1,0.206897,0.333333,0.523211,1,1
1,1,0.396552,0.666667,0.167845,0,0
1,1,0.275862,0.333333,0.278095,0.5,0.5
0,0,0.293103,0.333333,0.31374,0.5,0
1,1,0.637931,0.666667,0.50015,1,1
0,1,0.741379,0.666667,0.511487,0.5,0.5
0,0,0.206897,0,0.673479,1,1
1,1,0.189655,0.333333,0.217042,0.5,0.5
0,0,0.275862,0.333333,0.284343,0.5,0.5
0,0,0.293103,0.333333,0.393811,1,1
0,0,0.224138,0,0.347824,0.5,1
1,1,0.189655,0.333333,0.402564,1,1
0,0,0.310345,0.333333,0.330396,0.5,0.5
0,0,0.293103,0.333333,0.309265,0.5,0
1,1,0.155172,0.333333,0.205069,0.5,1
0,0,0.241379,0,0.342914,0.5,1
0,0,0.327586,0.333333,0.323311,0.5,1
0,0,0.310345,0.333333,0.253747,0.5,0.5
1,1,0.275862,0.333333,0.461913,1,0
0,0,0.344828,0.333333,0.258544,0.5,1
0,0,0.275862,0.333333,0.255952,0.5,1
0,0,0.775862,0.666667,0.374709,0.5,0.5
1,1,0.189655,0.333333,0.147412,0,0
0,0,0.241379,0,0.435708,0.5,0.5
1,1,0.137931,0.333333,0.287122,0.5,0.5
0,0,0.293103,0.333333,0.24497,0,0
0,1,0.068966,0.333333,0.354489,0.5,0
1,1,0.086207,0.333333,0.197088,0.5,1
0,0,0.172414,0,0.083292,0,0
0,0,0.310345,0.333333,0.346471,1,1
0,1,0.258621,0.333333,0.272392,0.5,0
1,1,0.137931,0.333333,0.299406,0.5,1
0,0,0.103448,0,0.347221,0.5,0
0,0,0.12069,0,0.407886,0.5,1
0,0,0.362069,0.333333,0.211072,0,0
0,0,0.448276,0.333333,0.26855,0.5,0.5
1,1,0.086207,0.333333,0.229991,0,0
0,0,0.137931,0,0.239233,0.5,0
1,1,0.672414,0.666667,0.555705,0.5,0.5
1,1,0.206897,0.333333,0.383535,0.5,0
0,0,0.448276,0.333333,0.356203,0.5,1
0,0,0.5,0.333333,0.410438,1,1
0,0,0.586207,0.333333,0.348,0.5,1
1,1,0.758621,0.666667,0.426963,0.5,1
0,0,0.293103,0.333333,0.179873,0,0
0,0,0.137931,0,0.287652,0.5,0.5
0,0,0.137931,0,0.232057,0.5,0.5
1,1,0.413793,0.666667,0.671289,1,1
1,1,0.155172,0.333333,0.285798,0.5,0
0,0,0.344828,0.333333,0.244995,0.5,0
0,0,0.362069,0.333333,0.166895,0,0
0,1,0.034483,0.333333,0.26303,0.5,1
0,0,0.189655,0,0.681924,1,1
0,0,0.37931,0.333333,0.260639,0.5,0
0,1,0.241379,0.333333,0.161765,0,0
0,1,0.172414,0.333333,0.342804,0.5,0
1,1,0.155172,0.333333,0.302637,0.5,0.5
0,0,0.413793,0.333333,0.403627,0.5,0.5
0,1,0.534483,0.666667,0.397135,0.5,1
0,0,0.344828,0.333333,0.324112,0.5,0
1,1,0.103448,0.333333,0.226643,0.5,0
0,0,0.155172,0,0.103363,0,0
0,0,0.310345,0.333333,0.440687,0.5,1
0,0,0.275862,0.333333,0.619858,1,1
0,1,0.172414,0.333333,0.230803,0.5,1
0,0,0.465517,0.333333,0.68003,1,1
0,0,0.137931,0,0.190819,0.5,1
0,0,0.241379,0,0.455819,1,1
0,0,0.137931,0,0.324291,0.5,1
0,1,0.034483,0.333333,0.211317,0.5,0
0,0,0.62069,0.333333,0.324982,0.5,0
1,1,0.327586,0.333333,0.243569,0.5,0
0,0,0.37931,0.333333,0.143102,0,0
1,1,0.086207,0.333333,0.4315,0.5,0.5
0,0,0.431034,0.333333,0.305335,0.5,1
0,0,0.310345,0.333333,0.217912,0.5,1
0,0,0.448276,0.333333,0.409952,0.5,1
1,1,0.103448,0.333333,0.29624,0.5,0.5
0,0,0.603448,0.333333,0.492776,0.5,0.5
1,1,0.086207,0.333333,0.353136,0.5,0.5
1,1,0.137931,0.333333,0.152403,0,0
0,0,0.206897,0,0.488327,0.5,1
1,1,0.224138,0.333333,0.307818,0.5,0
0,0,0.413793,0.333333,0.153916,0,0
0,1,0.224138,0.333333,0.270754,0.5,0.5
0,0,0.396552,0.333333,0.121485,0,0
0,0,0.241379,0,0.294357,0.5,0
1,1,0.172414,0.333333,0.370545,0.5,0.5
0,1,0.396552,0.333333,0.271877,0.5,0
0,1,0.137931,0.333333,0.270747,0.5,0.5
0,0,0.12069,0,0.270239,0.5,1
0,1,0.258621,0.333333,0.342991,0.5,0.5
1,1,0.982759,1,0.490915,1,0.5
1,1,0.327586,0.333333,0.381868,0.5,0.5
0,0,0.413793,0.333333,0.592973,1,1
1,1,0.465517,0.666667,0.308666,0,0
0,1,0.086207,0.333333,0.253371,0.5,0.5
0,0,0.724138,0.666667,0.334656,0.5,0
0,0,0.224138,0,0.401624,0.5,0
0,0,0.275862,0.333333,0.244158,0,0.5
0,0,0.741379,0.666667,0.200624,0,0
0,0,0.431034,0.333333,0.260544,0.5,0.5
1,1,0.327586,0.333333,0.293161,0.5,1
0,0,0.241379,0,0.236148,0.5,1
1,1,0.103448,0.333333,0.096577,0,0
0,0,0.293103,0.333333,0.501312,0.5,0.5
1,1,0.086207,0.333333,0.216322,0.5,0.5
0,0,0.465517,0.333333,0.270045,0,0
0,1,0.275862,0.333333,0.44435,0.5,0
0,0,0.155172,0,0.319374,0.5,1
1,1,0.844828,1,0.494348,1,0
0,0,0.068966,0,0.232134,0.5,0
1,1,0.172414,0.333333,0.358156,0.5,1
1,1,0.189655,0.333333,0.37445,0.5,1
0,0,0.155172,0,0.291761,0.5,0
0,0,0.224138,0,0.169655,0,0
0,0,0.534483,0.333333,0.335284,0.5,0.5
0,0,0.103448,0,0.102931,0,0
1,1,0.189655,0.333333,0.288639,0.5,0
0,0,0.327586,0.333333,0.663974,0.5,0.5
0,0,0.327586,0.333333,0.504215,1,1
1,1,0.086207,0.333333,0.318127,0.5,0
0,1,0.310345,0.333333,0.252698,0.5,0
0,0,0.275862,0.333333,0.426053,0.5,0.5
0,0,0.396552,0.333333,0.380478,0.5,0
1,1,0.224138,0.333333,0.441879,0.5,0.5
1,1,0.086207,0.333333,0.185192,0,0
0,0,0.344828,0.333333,0.408142,0.5,0
1,1,0.137931,0.333333,0.490469,1,0
1,1,0.068966,0.333333,0.09706,0,0
0,0,0.155172,0,0.128299,0,0
1,1,0.103448,0.333333,0.282132,0.5,0.5
1,1,0.155172,0.333333,0.328766,0.5,0
1,1,0.258621,0.333333,0.278161,0.5,1
0,1,0.155172,0.333333,0.310172,0.5,0.5
0,1,0.155172,0.333333,0.101505,0,0
0,0,0.206897,0,0.24581,0.5,0.5
0,0,0.534483,0.333333,0.264126,0,0
1,1,0.137931,0.333333,0.238828,0.5,0.5
0,0,0.258621,0.333333,0.191491,0,0
1,1,0.586207,0.666667,0.450477,1,0.5
1,1,0.034483,0.333333,0.24418,0.5,1
0,0,0.310345,0.333333,0.291582,0.5,0
0,0,0.051724,0,0.085164,0,0
0,1,0.5,0.666667,0.169662,0,0
0,0,0.724138,0.666667,0.342165,0.5,0.5
1,1,0.689655,0.666667,0.187276,0,0
1,1,0.413793,0.666667,0.338644,0.5,1
1,1,0.310345,0.333333,0.312837,0,0
1,1,0.034483,0.333333,0.191235,0,0
0,0,0.37931,0.333333,0.362349,1,1
1,1,0.241379,0.333333,0.212867,0,0
1,1,0.086207,0.333333,0.231977,0.5,0.5
0,0,0.310345,0.333333,0.265417,0,0
0,0,0.224138,0,0.276154,0.5,0
0,0,0.241379,0,0.317257,0.5,1
1,1,0.465517,0.666667,0.36017,0.5,0
1,1,0.206897,0.333333,0.266901,0.5,1
1,1,0.275862,0.333333,0.201146,0,0
1,1,0.172414,0.333333,0.423161,1,1
1,1,0.086207,0.333333,0.291918,0.5,0.5
0,0,0.068966,0,0.350478,0.5,0.5
0,0,0.965517,0.666667,0.57269,1,0.5
1,1,0.551724,0.666667,0.43611,0.5,1
0,0,0.258621,0.333333,0.256581,0.5,1
0,0,0.465517,0.333333,0.265219,0.5,0
1,1,0.068966,0.333333,0.253809,0.5,0.5
1,1,0.517241,0.666667,0.303277,0,0
1,1,0.189655,0.333333,0.464746,0.5,1
1,1,0.068966,0.333333,0.30592,0.5,1
1,1,0.068966,0.333333,0.241902,0.5,0
0,0,0.517241,0.333333,0.799237,1,0.5
0,0,0.155172,0,0.631056,1,1
0,0,0.327586,0.333333,0.325275,0.5,0
1,1,0.051724,0.333333,0.378555,0.5,0
0,1,0.534483,0.666667,0.155243,0,0
0,0,0.155172,0,0.328174,0.5,0.5
0,0,0.241379,0,0.235376,0.5,1
0,1,0.344828,0.333333,0.347744,0.5,1
1,1,0.068966,0.333333,0.243657,0.5,1
0,0,0.810345,0.666667,0.369171,0.5,0.5
0,0,0.293103,0.333333,0.259885,0.5,0.5
0,0,0.396552,0.333333,0.347996,0.5,1
0,0,0.189655,0,0.305621,0.5,0.5
0,0,0.310345,0.333333,0.433913,0.5,0.5
0,0,0.793103,0.666667,0.299819,0,0
1,1,0.172414,0.333333,0.324401,0.5,1
0,0,0.448276,0.333333,0.271182,0.5,1
0,0,0.086207,0,0.239014,0.5,0.5
1,1,0.017241,0.333333,0.23919,0.5,0
1,1,0.12069,0.333333,0.157982,0,0
0,0,0.5,0.333333,0.274315,0.5,0
1,1,0.172414,0.333333,0.342951,0.5,1
0,0,0.051724,0,0.698964,0.5,0.5
1,1,0.275862,0.333333,0.265845,0.5,0.5
0,0,0.137931,0,0.317553,0.5,0
1,1,0.155172,0.333333,0,0,0
0,0,0.344828,0.333333,0.168309,0,0
0,0,0.37931,0.333333,0.526293,1,1
0,1,0.258621,0.333333,0.260759,0.5,0.5
0,1,0.241379,0.333333,0.368535,1,0.5
0,0,0.155172,0,0.447169,0.5,1
0,1,0.241379,0.333333,0.353725,0.5,1
1,1,0.137931,0.333333,0.337467,0.5,1
0,0,0.344828,0.333333,0.298221,0.5,0.5
0,0,0.37931,0.333333,0.119339,0,0
0,0,0.551724,0.333333,0.606233,1,1
0,0,0.327586,0.333333,0.186943,0,0
0,0,0.465517,0.333333,0.300418,0.5,0.5
0,0,0.413793,0.333333,0.686567,1,1
0,0,0.293103,0.333333,0.272765,0.5,0
0,0,0.068966,0,0.291955,0.5,1
0,0,0.396552,0.333333,0.162321,0,0
0,0,0.327586,0.333333,0.555017,0.5,0.5
1,1,0.172414,0.333333,0.376994,0.5,0.5
0,0,0.396552,0.333333,0.464077,0.5,1
0,1,0.086207,0.333333,0.277957,0.5,0.5
0,1,0.086207,0.333333,0.198218,0.5,0.5
0,0,0.551724,0.333333,0.312826,0.5,0.5
0,0,0.293103,0.333333,0.369858,1,1
1,1,0.551724,0.666667,0.252983,0,0
0,0,0.155172,0,0.498373,1,1
0,0,0.275862,0.333333,0.491175,0.5,0.5
1,1,0.155172,0.333333,0.319696,0.5,0.5
0,0,0.431034,0.333333,0.383732,0.5,0
0,0,0.5,0.333333,0.397116,0.5,0
0,0,0.155172,0,0.25204,0,0
0,0,0.224138,0,0.429643,0.5,0.5
0,0,0.413793,0.333333,0.684329,1,0.5
0,1,0.103448,0.333333,0.341258,0.5,1
0,0,0.396552,0.333333,0.287509,0,0.5
1,1,0.137931,0.333333,0.45878,1,0.5
0,0,0.258621,0.333333,0.365343,0.5,1
0,1,0.103448,0.333333,0.448171,0.5,0
0,0,0.793103,0.666667,0.248998,0,0
1,1,0.137931,0.333333,0.241109,0.5,1
1,1,0.655172,0.666667,0.331585,0.5,0.5
0,0,0.327586,0.333333,0.276246,0.5,0.5
0,1,0.258621,0.333333,0.247668,0.5,1
0,1,0.5,0.666667,0.415721,0.5,0.5
0,0,0.224138,0,0.497291,0,0
0,0,0.275862,0.333333,0.416587,0.5,0.5
0,0,0.155172,0,0.280179,0.5,0.5
0,0,0.206897,0,0.35855,0.5,1
0,0,0.293103,0.333333,0.336403,0.5,0.5
0,0,0.224138,0,0.454963,0.5,1
0,1,0.12069,0.333333,0.206681,0.5,1
1,1,0.12069,0.333333,0.252117,0,0
0,0,0.189655,0,0.356828,0.5,0.5
0,0,0.448276,0.333333,0.272517,0,0
0,0,0.172414,0,0.250175,0.5,0.5
0,0,0.551724,0.333333,0.376263,0.5,0
0,0,0.189655,0,0.244545,0.5,0
1,1,0.344828,0.333333,0.038259,0,0
0,0,0.103448,0,0.221521,0.5,0.5
0,0,0.37931,0.333333,0.447352,1,0.5
1,1,0.189655,0.333333,0.227308,0,0
0,0,0.482759,0.333333,0.444705,0.5,0
1,1,0.5,0.666667,0.414847,0.5,0
0,0,0.396552,0.333333,0.378033,0.5,0.5
1,1,0.241379,0.333333,0.329241,0.5,1
1,1,0.293103,0.333333,0.501923,0.5,0.5
0,0,0.103448,0,0.470837,0.5,0.5
1,1,0.12069,0.333333,0.324302,0.5,0.5
1,1,0.12069,0.333333,0.262426,0.5,0.5
0,0,0.327586,0.333333,0.193824,0,0
0,0,0.241379,0,0.412142,1,1
1,1,0.293103,0.333333,0.258409,0.5,1
0,0,0.482759,0.333333,0.419084,1,0.5
0,0,0.12069,0,0.091529,0,0
0,0,0.155172,0,0.801976,1,1
0,0,0.775862,0.666667,0.538679,0.5,0.5
0,0,0.37931,0.333333,0.313002,0.5,1
0,0,0.241379,0,0.344175,1,1
0,0,0.224138,0,0.355052,0.5,1
0,1,0.224138,0.333333,0.487994,0.5,0.5
0,0,0.275862,0.333333,0.409919,1,0.5
1,1,0.103448,0.333333,0.380445,0.5,1
1,1,0.103448,0.333333,0.117705,0,0
1,1,0.827586,1,0.356434,0,0
1,1,0.051724,0.333333,0.265731,0.5,1
1,1,0.396552,0.666667,0.28102,0,0
0,1,0.5,0.666667,0.271844,0,0
1,1,0.12069,0.333333,0.25325,0.5,0.5
1,1,0.706897,0.666667,0.544437,0.5,0.5
0,1,0.310345,0.333333,0.46316,0.5,1
0,0,0.258621,0.333333,0.442222,0.5,0.5
0,0,0.051724,0,0.109658,0,0
1,1,0.448276,0.666667,0.192511,0,0
1,1,0.172414,0.333333,0.435368,0.5,1
1,1,0.327586,0.333333,0.340823,0.5,0
1,1,0.189655,0.333333,0.15245,0,0
1,1,0.086207,0.333333,0.729659,1,1
0,0,0.293103,0.333333,0.283828,0,0
0,0,0.465517,0.333333,0.566555,1,1
1,1,0.137931,0.333333,0.31291,0,0
0,0,0.241379,0,0.312633,0.5,0.5
0,0,0.086207,0,0.115438,0,0
0,0,0.396552,0.333333,0.318833,0.5,0.5
0,0,0.068966,0,0.33837,0.5,1
0,0,0.206897,0,0.783155,1,0.5
0,0,0.172414,0,0.123408,0,0
1,1,0.086207,0.333333,0.269493,0.5,0.5
1,1,0.327586,0.333333,0.157232,0,0
0,0,0.137931,0,0.348369,0.5,0
0,0,0.258621,0.333333,0.290902,0.5,0.5
1,1,0.534483,0.666667,0.272213,0.5,1
1,1,0.086207,0.333333,0.105944,0,0
1,1,0.086207,0.333333,0.183463,0,0
1,1,0.12069,0.333333,0.389739,0.5,1
0,0,0.637931,0.333333,0.451395,0.5,0.5
1,1,0.241379,0.333333,0.252713,0.5,0.5
0,0,0.965517,0.666667,0.196211,0,0
0,0,0.362069,0.333333,0.312508,0.5,0.5
0,0,0.224138,0,0.227652,0.5,0
0,0,0.293103,0.333333,0.214681,0.5,0.5
1,1,0.706897,0.666667,0.463416,0.5,0.5
1,1,0.103448,0.333333,0.258825,0.5,1
0,0,0.103448,0,0.126376,0,0
0,0,0.206897,0,0.730547,1,1
0,1,0.155172,0.333333,0.314095,0.5,1
0,1,0.37931,0.333333,0.179972,0,0
0,1,0.224138,0.333333,0.189367,0,0
1,1,0.224138,0.333333,0.306513,0.5,0
0,0,0.172414,0,0.329863,0.5,1
0,0,0.775862,0.666667,0.220497,0,0
1,1,0.137931,0.333333,0.288807,0.5,0
1,1,0.12069,0.333333,0.579928,1,1
0,0,0.310345,0.333333,0.417962,1,1
0,0,0.586207,0.333333,0.367383,0.5,1
0,0,0.827586,0.666667,0.277942,0,0
1,1,0.12069,0.333333,0.235314,0.5,0
0,0,0.327586,0.333333,0.320328,0.5,1
1,1,0.12069,0.333333,0.310351,0.5,0.5
0,0,0.344828,0.333333,0.657353,1,0.5
1,1,0.844828,1,0.478481,0.5,0.5
0,0,0.12069,0,0.367299,0.5,0.5
0,0,0.724138,0.666667,0.479491,0.5,1
0,0,0.224138,0,0.151474,0,0
1,1,0.086207,0.333333,0.183288,0,0
0,1,0.724138,0.666667,0.644122,1,0
0,0,0.293103,0.333333,0.329841,0,0
0,0,0.37931,0.333333,0.397602,0.5,0
0,0,0.344828,0.333333,0.295728,0.5,0.5
0,0,0.551724,0.333333,0.485519,0.5,0.5
0,0,0.155172,0,0.377605,0.5,0.5
1,1,0.362069,0.666667,0.302626,0.5,1
0,0,0.396552,0.333333,0.539169,1,1
0,1,0.155172,0.333333,0.221148,0.5,0
0,1,0.568966,0.666667,0.415593,0.5,1
0,0,0.241379,0,0.387852,0.5,1
1,1,0.068966,0.333333,0.30856,0.5,0
0,0,0.568966,0.333333,0.500702,0.5,0.5
1,1,0.068966,0.333333,0.112923,0,0
0,1,0.62069,0.666667,0.282205,0.5,0.5
0,0,0.293103,0.333333,0.058344,0,0
0,0,0.62069,0.333333,0.301888,0.5,1
1,1,0.517241,0.666667,0.240498,0,0
1,1,0.103448,0.333333,0.334213,0.5,0
0,0,0.293103,0.333333,0.224683,0.5,0
1,1,0.103448,0.333333,0.260072,0,0
0,0,0.103448,0,0.483728,0.5,1
0,1,0.137931,0.333333,0.119313,0,0
0,0,0.810345,0.666667,0.31056,0.5,1
0,0,0.637931,0.333333,0.717137,1,1
1,1,0.137931,0.333333,0.066065,0,0
0,1,0.137931,0.333333,0.240115,0.5,1
0,1,0.172414,0.333333,0.121426,0,0
0,0,0.103448,0,0.496293,0.5,0.5
0,0,0.62069,0.333333,0.35292,0.5,1
0,0,0.482759,0.333333,0.360473,0.5,1
1,1,0.62069,0.666667,0.565513,0.5,0
0,1,0.758621,0.666667,0.426038,0.5,0.5
1,1,0.103448,0.333333,0.23882,0.5,0.5
0,1,0.431034,0.666667,0.891161,1,1
0,1,0.137931,0.333333,0.222585,0.5,1
0,1,0.155172,0.333333,0.216936,0.5,0
0,1,0.103448,0.333333,0.341203,0.5,1
0,0,0.396552,0.333333,0.303109,0.5,0
0,0,0.5,0.333333,0.141406,0,0
0,1,0.293103,0.333333,0.44397,1,0.5
0,1,0.206897,0.333333,0.24327,0.5,0
1,1,0.258621,0.333333,0.349721,0.5,0
0,0,0.310345,0.333333,0.339522,0.5,1
0,0,0.5,0.333333,0.517954,0.5,1
0,0,0.344828,0.333333,0.46656,0.5,0.5
0,0,0.448276,0.333333,0.398739,0.5,0.5
1,1,0.086207,0.333333,0.224043,0.5,1
0,0,0.189655,0,0.587631,0.5,1
1,1,0.413793,0.666667,0.448112,0.5,0
1,1,0.12069,0.333333,0.224997,0,0
0,0,0.517241,0.333333,0.266316,0.5,0.5
1,1,0.051724,0.333333,0.206627,0.5,0
1,1,0.086207,0.333333,0.092783,0,0
0,0,0.775862,0.666667,0.375868,0.5,0
0,1,0.482759,0.666667,0.325344,0.5,1
0,0,0.189655,0,0.354693,0.5,0
0,0,0.172414,0,0.165381,0,0
1,1,0.086207,0.333333,0.249558,0.5,1
0,0,0.551724,0.333333,0.288891,0.5,0
0,0,0.5,0.333333,0.345524,0.5,1
0,0,0.293103,0.333333,0.362875,0.5,0
0,0,0.862069,0.666667,0.523957,0.5,1
0,1,0.172414,0.333333,0.225049,0.5,0.5
0,0,0.706897,0.666667,0.308293,0.5,0
0,0,0.672414,0.666667,0.169797,0,0
0,1,0.258621,0.333333,0.274235,0.5,1
0,0,0.431034,0.333333,0.355618,0.5,0
0,0,0.293103,0.333333,0.242056,0.5,0
0,0,0.241379,0,0.122611,0,0
0,0,0.465517,0.333333,0.601268,0.5,0.5
0,1,0.258621,0.333333,0.296883,0.5,1
1,1,0.37931,0.666667,0.26232,0.5,1
0,0,0.172414,0,0.287341,0.5,0
1,1,0.189655,0.333333,0.337811,0.5,1
0,0,0.137931,0,0.339076,0.5,1
0,0,0.155172,0,0.518861,0.5,0.5
0,1,0.172414,0.333333,0.257337,0.5,0
1,1,0.293103,0.333333,0.301961,0.5,1
0,0,0.241379,0,0.378914,0,0
0,0,0.12069,0,0.129151,0,0
1,1,0.034483,0.333333,0.349275,0.5,1
1,1,0.155172,0.333333,0.276878,0.5,1
0,0,0.413793,0.333333,0.32775,0.5,1
0,0,0.327586,0.333333,0.45629,0.5,1
1,1,0.103448,0.333333,0.207164,0.5,0
1,1,0.37931,0.666667,0.599122,0.5,1
0,0,0.482759,0.333333,0.335449,0.5,1
0,0,0.137931,0,0.262039,0.5,1
1,1,0.103448,0.333333,0.214955,0.5,1
0,0,0.189655,0,0.18925,0,1
1,1,0.37931,0.666667,0.458308,0.5,0.5
0,0,0.310345,0.333333,0.371108,1,1
0,0,0.172414,0,0.296185,0.5,0.5
0,0,0.155172,0,0.326682,1,0.5
0,0,0.310345,0.333333,0.429964,0.5,0
0,0,0.344828,0.333333,0.583098,1,1
0,1,0.517241,0.666667,0.565129,0.5,0
0,0,0.310345,0.333333,0.302795,0.5,0.5
1,1,0.810345,1,0.123039,0,0
0,1,0.431034,0.666667,0.400249,0.5,0.5
1,1,0.603448,0.666667,0.296759,0.5,0.5
0,0,0.275862,0.333333,0.319564,0.5,0.5
0,0,0.086207,0,0.738367,0.5,0.5
0,0,0.275862,0.333333,0.529316,1,1
0,0,0.37931,0.333333,0.479604,0.5,0
0,0,0.431034,0.333333,0.40914,1,1
0,0,0.482759,0.333333,0.286701,0.5,0.5
0,0,0.344828,0.333333,0.165695,0,0
0,0,0.275862,0.333333,0.423976,0.5,1
0,0,0.189655,0,0.213957,0.5,1
0,0,0.224138,0,0.602449,1,1
1,1,0.172414,0.333333,0.397087,1,0.5
1,1,0.293103,0.333333,0.420298,0.5,0
1,1,0.258621,0.333333,0.177573,0,0
0,0,0.413793,0.333333,0.356598,0.5,1
0,0,0.431034,0.333333,0.305887,0.5,1
0,1,0.448276,0.666667,0.350186,0.5,0
0,0,0.413793,0.333333,0.57855,0.5,1
0,1,0.37931,0.333333,0.264854,0.5,0.5
0,0,0.310345,0.333333,0.347875,1,0.5
0,0,0.034483,0,0.295212,1,1
0,0,0.103448,0,0.180739,0,0
0,1,0.155172,0.333333,0.341441,0.5,0
1,1,0.482759,0.666667,0.264901,0,0
1,1,0.258621,0.333333,0.245891,0,0
1,1,0.275862,0.333333,0.369767,0.5,0.5
1,1,0.12069,0.333333,0.27664,0,0
1,1,0.12069,0.333333,0.325073,0.5,0.5
0,1,0.172414,0.333333,0.404454,0.5,1
0,0,0.224138,0,0.289703,0.5,0
1,1,0.241379,0.333333,0.996808,1,0.5
0,0,0.241379,0,0.330989,0.5,0
0,0,0.862069,0.666667,0.919143,1,1
0,1,0.258621,0.333333,0.327943,0.5,1
0,0,0.362069,0.333333,0.429167,1,1
1,1,0.172414,0.333333,0.259717,0.5,0.5
0,0,0.327586,0.333333,0.85209,1,0.5
1,1,0.068966,0.333333,0.22639,0.5,1
0,0,0.206897,0,0.279013,0.5,0.5
0,1,0.637931,0.666667,0.501137,0.5,0
0,0,0.482759,0.333333,0.246973,0.5,0.5
1,1,0.051724,0.333333,0.212348,0.5,1
0,0,0.362069,0.333333,0.563484,0.5,1
0,0,0.689655,0.666667,0.32303,0.5,0
0,0,0.431034,0.333333,0.151255,0,0
0,0,0.103448,0,0.109987,0,0
1,1,0.068966,0.333333,0.269965,0.5,0
0,0,0.206897,0,0.218804,0.5,1
0,0,0.413793,0.333333,0.327874,0.5,1
1,1,0.086207,0.333333,0.23394,0.5,0
0,0,0.206897,0,0.43513,1,0.5
1,1,0.172414,0.333333,0.178224,0,0
0,1,0.206897,0.333333,0.40203,1,0
0,0,0.413793,0.333333,0.464432,0.5,0.5
0,0,0.482759,0.333333,0.572317,1,1
0,0,0.465517,0.333333,0.453055,1,1
0,0,0.224138,0,0.123346,0,0
0,0,0.224138,0,0.211368,0.5,1
0,0,0.413793,0.333333,0.152231,0,0
1,1,0.482759,0.666667,0.313196,0.5,0
1,1,0.206897,0.333333,0.626727,0.5,0
0,0,0.206897,0,0.392093,0.5,1
0,0,0.344828,0.333333,0.409195,1,0.5
0,1,0.431034,0.666667,0.169084,0,0
0,0,0.224138,0,0.355202,0.5,0.5
0,1,0.37931,0.333333,0.155755,0,0
0,0,0.103448,0,0.233629,0.5,1
1,1,0.172414,0.333333,0.471912,0.5,0
1,1,0.137931,0.333333,0.68494,1,0.5
1,1,0.189655,0.333333,0.2653,0.5,1
1,1,0.672414,0.666667,0.581468,1,0.5
0,0,0.534483,0.333333,0.3157,0,0
0,0,0.327586,0.333333,0.159989,0,0
0,0,0.465517,0.333333,0.250512,0,0
0,0,0.206897,0,0.365815,0.5,1
0,1,0.206897,0.333333,0.248114,0.5,0.5
0,1,0.5,0.666667,0.352109,0.5,0.5
0,0,0.189655,0,0.297735,0.5,1
0,0,0.293103,0.333333,0.373265,0.5,0
0,1,0.068966,0.333333,0.102876,0,0
1,1,0.137931,0.333333,0.28321,0.5,1
0,0,0.086207,0,0.265812,0,0
1,1,0.62069,0.666667,0.506676,1,1
0,1,0.189655,0.333333,0.435631,0.5,1
0,0,0.37931,0.333333,0.233578,0,0
0,0,0.068966,0,0.287908,0.5,1
0,0,0.431034,0.333333,0.363552,0,0
1,1,0.189655,0.333333,0.02138,0,0
0,0,0.310345,0.333333,0.449443,0.5,0.5
1,1,0.258621,0.333333,0.309887,0.5,0
1,1,0.672414,0.666667,0.379513,0,0
1,1,0.793103,1,0.360269,0.5,0
0,0,0.413793,0.333333,0.328927,0.5,1
0,0,0.5,0.333333,0.204824,0,0
0,1,0.12069,0.333333,0.299084,0.5,1
0,0,0.534483,0.333333,0.558479,0.5,0.5
0,0,0.258621,0.333333,0.464278,1,1
1,1,0.172414,0.333333,0.523372,1,1
0,0,0.137931,0,0.452989,0.5,0.5
0,0,0.206897,0,0.137348,0,0
1,1,0.12069,0.333333,0.237493,0.5,1
0,1,0.258621,0.333333,0.482324,0.5,0.5
1,1,0.793103,1,0.399741,0.5,0
0,0,0.189655,0,0.513505,1,0.5
0,0,0.517241,0.333333,0.212743,0,0
0,0,0.327586,0.333333,0.211705,0,0
0,0,0.275862,0.333333,0.182257,0,0
0,1,0.086207,0.333333,0.124903,0,0
0,0,0.206897,0,0.42447,1,1
0,0,0.551724,0.333333,0.318054,0.5,0.5
1,1,0.224138,0.333333,0.155949,0,0
0,1,0.37931,0.333333,0.461251,1,0.5
0,0,0.344828,0.333333,0.227396,0.5,1
0,0,0.086207,0,0.220186,0.5,0
0,0,0.155172,0,0.409956,0.5,0.5
1,1,0.775862,0.666667,0.362009,0.5,0.5
0,0,0.827586,0.666667,0.445081,1,1
0,1,0.431034,0.666667,0.613844,1,0.5
0,1,0.448276,0.666667,0.894733,1,1
0,1,0.810345,1,0.123039,0,1
1,1,0.948276,1,0.651821,1,0.5
0,0,0.724138,0.666667,0.368655,0.5,0.5
0,1,0.758621,0.666667,0.506358,0.5,0.5
1,1,0.689655,0.666667,0.332239,0.5,0.5
1,1,0.431034,0.666667,0.480043,1,1
0,0,0.793103,0.666667,0.315363,0.5,1
0,1,0.327586,1,0.490915,1,1
1,1,0.482759,0.666667,0.573483,1,0.5
0,1,0.672414,0.666667,0.396169,0.5,1
0,1,0.568966,0.666667,0.357512,0.5,0.5
1,1,0.241379,1,0.494348,1,1
0,0,0.793103,0.666667,0.346066,0.5,1
0,0,0.862069,0.666667,0.365124,0.5,0.5
1,1,0.637931,0.666667,0.497097,1,1
0,0,0.948276,0.666667,0.571542,1,0.5
1,1,0.275862,1,0.360269,0.5,1
0,1,0.448276,0.666667,0.405379,0.5,0.5
0,0,0.689655,0.666667,0.84831,0.5,0.5
1,1,0.810345,0.666667,0.388843,0,0.5
1,1,0.655172,0.666667,0.540825,0.5,0.5
1,1,0.413793,0.666667,0.668412,1,1
1,1,0.810345,1,0.399741,0.5,1
0,0,0.931034,0.666667,0.691433,1,1
1,1,0.465517,0.666667,0.829161,1,1
0,0,0.862069,0.666667,0.918627,1,1
0,0,0.724138,0.666667,0.476968,1,0.5
1,1,0.206897,1,0.356434,0,1
0,0,0.775862,0.666667,0.343528,0.5,0.5
0,0,0.672414,0.666667,0.896612,1,0.5
1,1,0.482759,0.666667,0.456422,0.5,1
1,1,0.896552,1,0.481479,0.5,0.5
0,0,0.810345,0.666667,0.52191,0.5,1
0,0,0.775862,0.666667,0.867288,1,1
0,1,0.62069,0.666667,0.415227,0.5,1
0,1,0.534483,0.666667,0.324737,0.5,1
1,1,0.793103,0.666667,0.43071,0.5,1
1,1,0.741379,0.666667,0.996947,1,1
1,1,0.672414,0.666667,0.43589,0.5,1
1,1,0.413793,0.666667,0.598913,0.5,1
0,0,0.758621,0.666667,0.324975,0.5,1
1,1,0.396552,0.666667,0.336048,0.5,1
1,1,0.568966,0.666667,0.445151,1,0.5
1,1,0.344828,0.666667,0.364498,0.5,1
1,1,0.655172,0.666667,0.476844,1,1
1,1,0.431034,0.666667,0.407364,0.5,0.5
1,1,0.517241,0.666667,0.458023,0.5,0.5
0,0,0.741379,0.666667,0.378559,0.5,0.5
0,1,0.517241,0.666667,0.650513,1,1
0,0,0.862069,0.666667,0.329289,0.5,1
1,1,0.758621,0.666667,0.468347,0.5,0.5
1,1,0.655172,0.666667,0.502852,1,1
1,1,0.603448,0.666667,0.33274,0.5,0.5
0,1,0.258621,1,0.478481,0.5,1
1,1,0.724138,0.666667,0.560571,0.5,0.5
1,1,0.5,0.666667,0.460209,0.5,0.5
0,1,0.12069,1,0.652691,1,1
0,0,0.793103,0.666667,0.54417,0.5,0.5
0,0,0.948276,0.666667,0.654037,1,0.5
0,1,0.827586,0.666667,0.426623,0.5,0.5
1,1,1,1,0.49184,1,0.5
1,1,0.724138,0.666667,0.580188,1,0.5
1,1,0.672414,0.666667,0.329216,0.5,1
0,1,0.206897,1,0.348807,0.5,1
0,1,0.431034,0.666667,0.453505,1,0.5
0,0,0.672414,0.666667,0.47412,0.5,1
0,1,0.568966,0.666667,0.416116,0.5,0.5
1,1,0.741379,0.666667,0.359263,0.5,0.5
0,0,0.793103,0.666667,0.451669,1,1
0,1,0.396552,0.666667,0.620198,1,0.5
0,1,0.431034,0.666667,0.894718,1,1
0,1,0.844828,1,0.131579,0,1
1,1,0.913793,1,0.642484,1,0.5
0,0,0.706897,0.666667,0.366652,0.5,0.5
0,1,0.724138,0.666667,0.513797,0.5,0.5
1,1,0.724138,0.666667,0.337946,0.5,0.5
1,1,0.465517,0.666667,0.486919,1,1
0,0,0.775862,0.666667,0.315996,0.5,1
0,1,0.344828,1,0.488031,1,1
1,1,0.482759,0.666667,0.572982,1,0.5
0,1,0.637931,0.666667,0.40196,0.5,1
0,1,0.551724,0.666667,0.363921,0.5,0.5
1,1,0.206897,1,0.486853,1,1
0,0,0.775862,0.666667,0.33867,0.5,1
0,0,0.844828,0.666667,0.364619,0.5,0.5
1,1,0.62069,0.666667,0.492856,1,1
0,0,0.913793,0.666667,0.572247,1,0.5
1,1,0.241379,1,0.356094,0.5,1
1,1,0.465517,0.666667,0.822628,1,1
0,0,0.810345,0.666667,0.913294,1,1
0,0,0.758621,0.666667,0.47155,1,0.5
1,1,0.172414,1,0.344808,0,1
0,0,0.810345,0.666667,0.343675,0.5,0.5
0,0,0.672414,0.666667,0.89867,1,0.5
1,1,0.517241,0.666667,0.444091,0.5,1
1,1,0.913793,1,0.467302,0.5,0.5
0,0,0.344828,0.333333,0.17024,0.5,0.5
0,1,0.37931,0.333333,0.262777,0.5,0.5
0,0,0.534483,0.333333,0.316285,0.5,0.5
0,1,0.241379,0.333333,0.437638,1,0.5
0,0,0.465517,0.333333,0.33539,0.5,0.5
0,0,0.37931,0.333333,0.432121,1,0.5
0,0,0.827586,0.666667,0.47197,1,1
0,0,0.344828,0.333333,0.318687,0.5,1
0,1,0.034483,0.333333,0.196588,0.5,0.5
0,0,0.517241,0.333333,0.299376,0.5,0.5
0,1,0.482759,0.666667,0.486495,1,0.5
0,0,0.241379,0.333333,0.371964,1,1
0,0,0.62069,0.333333,0.275807,0.5,0.5
0,1,0.103448,0.333333,0.213566,1,1
0,1,0.155172,0.333333,0.530497,1,0.5
0,0,0.672414,0.333333,0.326104,0.5,1
0,0,0.344828,0.333333,0.373554,1,0.5
0,0,0.37931,0.333333,0.398557,0.5,0.5
0,1,0.034483,0.333333,0.261169,0.5,1
0,0,0.310345,0.333333,0.283598,1,1
0,0,0.5,0.333333,0.371094,0.5,1
0,0,0.793103,0.666667,0.326423,0,1
0,0,0.413793,0.333333,0.453011,1,1
0,0,0.448276,0.333333,0.531675,1,1
0,1,0.206897,0.333333,0.19986,1,1
0,0,0.327586,0.333333,0.244582,0.5,0.5
0,0,0.413793,0.333333,0.364349,0.5,1
0,1,0.758621,0.666667,0.487007,0.5,0.5
0,0,0.534483,0.333333,0.521756,0.5,1
0,0,0.586207,0.333333,0.452905,0.5,1
0,1,0.310345,0.333333,0.490933,1,0.5
0,0,0.534483,0.333333,0.395032,0,0.5
0,0,0.413793,0.333333,0.344866,1,1
0,0,0.344828,0.333333,0.287513,0.5,0.5
0,0,0.551724,0.333333,0.330166,0.5,0.5
0,1,0.275862,0.333333,0.343002,1,1
0,0,0.431034,0.333333,0.319414,0.5,1
0,0,0.37931,0.333333,0.455859,0.5,0.5
0,0,0.655172,0.666667,0.332956,0.5,0.5
0,0,0.396552,0.333333,0.395427,1,1
0,1,0.206897,0.333333,0.320566,1,1
0,1,0.172414,0.333333,0.340812,0.5,1
0,0,0.793103,0.666667,0.367343,0,1
0,0,0.844828,0.666667,0.280238,0.5,1
0,0,0.327586,0.333333,0.426162,1,0.5
0,0,0.224138,0.333333,0.444632,1,0.5
0,0,0.241379,0.333333,0.391318,1,1
0,1,0.586207,0.666667,0.370703,0.5,1
0,1,0.224138,0.333333,0.250698,0.5,0.5
0,0,0.310345,0.333333,0.400513,1,0.5
0,1,0.241379,0.333333,0.404658,1,0.5
0,0,0.568966,0.333333,0.330473,0.5,1
0,0,0.5,0.333333,0.279291,1,0.5
0,1,0.275862,0.333333,0.271679,0.5,1
0,1,0.482759,0.666667,0.41526,0.5,0.5
0,1,0.413793,0.333333,0.514799,0.5,0.5
0,0,0.362069,0.333333,0.201757,1,0.5
0,0,0.551724,0.333333,0.488963,0.5,1
0,0,0.413793,0.333333,0.389252,0.5,1
0,1,0.310345,0.333333,0.346468,0.5,0.5
0,1,0,0.333333,0.230905,0.5,0.5
0,0,0.293103,0.333333,0.534102,1,1
0,0,0.344828,0.333333,0.427855,0.5,1
0,0,0.362069,0.333333,0.365606,1,1
0,1,0.103448,0.333333,0.314131,0,1
0,0,0.396552,0.333333,0.535374,0.5,0.5
0,0,0.310345,0.333333,0.413875,1,1
0,0,0.327586,0.333333,0.432725,1,1
0,1,0.465517,0.666667,0.36376,0.5,0.5
0,0,0.396552,0.333333,0.359622,1,1
0,0,0.310345,0.333333,0.516718,1,1
0,0,0.344828,0.333333,0.292953,0,1
0,0,0.344828,0.333333,0.369386,0,0.5
0,1,0.603448,0.666667,0.452331,1,1
0,0,0.293103,0.333333,0.285327,0.5,1
0,0,0.517241,0.333333,0.4949,1,1
0,0,0.310345,0.333333,0.24256,0.5,1
0,1,0.068966,0.333333,0.29617,1,0.5
0,0,0.293103,0.333333,0.380255,1,1
0,0,0.413793,0.333333,0.440895,0,0.5
0,0,0.362069,0.333333,0.293585,0,0.5
0,0,0.224138,0.333333,0.392089,0.5,0.5
0,0,0.258621,0.333333,0.438844,1,1
0,1,0.224138,0.333333,0.259904,0,0.5
0,0,0.413793,0.333333,0.242388,0.5,0.5
0,0,0.741379,0.666667,0.399935,0,0.5
0,0,0.344828,0.333333,0.452115,1,1
0,0,0.258621,0.333333,0.229099,0,0.5
0,0,0.517241,0.333333,0.452898,0.5,1
0,0,0.224138,0.333333,0.314479,0,0.5
0,0,0.586207,0.333333,0.385472,1,1
0,1,0.155172,0.333333,0.319454,0.5,1
0,0,0.37931,0.333333,0.394436,1,0.5
0,0,0.275862,0.333333,0.280428,0,0.5
0,1,0.137931,0.333333,0.22703,1,1
0,0,0.206897,0.333333,0.432019,0,0.5
0,0,0.603448,0.333333,0.516748,0.5,0.5
0,0,0.465517,0.333333,0.337145,0.5,1
0,0,0.241379,0.333333,0.288028,1,0.5
0,0,0.293103,0.333333,0.537378,1,1
0,1,0.137931,0.333333,0.516879,0.5,1
0,0,0.206897,0.333333,0.274546,0.5,0.5
0,0,0.327586,0.333333,0.277807,0.5,0.5
0,0,0.241379,0.333333,0.224742,1,0.5
0,1,0.37931,0.333333,0.44382,0.5,0.5
0,0,0.448276,0.333333,0.332956,0,1
0,0,0.431034,0.333333,0.356123,0.5,1
0,0,0.568966,0.333333,0.279375,0.5,0.5
0,0,0.327586,0.333333,0.25049,0,0.5
0,0,0.258621,0.333333,0.422579,0.5,1
0,1,0.241379,0.333333,0.520045,1,0.5
0,0,0.293103,0.333333,0.271811,0,1
0,1,0.206897,0.333333,0.282161,0.5,0.5
0,1,0.293103,0.333333,0.434147,1,1
0,0,0.37931,0.333333,0.398023,1,0.5
0,0,0.327586,0.333333,0.386792,1,1
0,0,0.327586,0.333333,0.253071,0.5,1
0,0,0.327586,0.333333,0.324514,0.5,1
0,0,0.603448,0.333333,0.454543,1,0.5
0,0,0.275862,0.333333,0.423797,1,0.5
0,0,0.568966,0.333333,0.437678,0.5,0.5
0,1,0.137931,0.333333,0.21626,0.5,1
0,0,0.275862,0.333333,0.511706,0,0.5
0,0,0.568966,0.333333,0.330543,1,0.5
0,0,0.258621,0.333333,0.294039,0.5,1
0,1,0.241379,0.333333,0.29965,0,1
0,0,0.362069,0.333333,0.290756,0.5,0.5
0,0,0.603448,0.333333,0.487124,0.5,0.5
0,0,0.275862,0.333333,0.225356,1,1
0,0,0.327586,0.333333,0.382072,0.5,1
0,1,0.172414,0.333333,0.287612,0.5,0.5
0,1,0.12069,0.333333,0.245328,0.5,1
0,0,0.310345,0.333333,0.423896,1,1
0,1,0.310345,0.333333,0.319162,0.5,1
0,0,0.293103,0.333333,0.30361,0.5,1
0,1,0.051724,0.333333,0.449128,0.5,0.5
0,1,0.189655,0.333333,0.262061,0.5,1
0,0,0.724138,0.666667,0.577801,0.5,0.5
0,0,0.465517,0.333333,0.362703,0.5,0.5
0,1,0.655172,0.666667,0.265881,0,0.5
0,1,0.206897,0.333333,0.311503,0.5,1
0,0,0.586207,0.333333,0.424502,1,1
0,1,0.137931,0.333333,0.303394,0.5,0.5
0,0,0.431034,0.333333,0.313254,0.5,0.5
0,0,0.275862,0.333333,0.284208,0.5,0.5
0,1,0.068966,0.333333,0.348544,0.5,1
0,0,0.413793,0.333333,0.206915,0,0.5
0,0,0.344828,0.333333,0.324357,0,0.5
0,1,0.189655,0.333333,0.293041,0.5,1
0,0,0.448276,0.333333,0.261282,0.5,1
0,1,0.189655,0.333333,0.248362,1,0.5
0,0,0.448276,0.333333,0.386284,0.5,1
0,0,0.344828,0.333333,0.433247,0.5,1
0,1,0.137931,0.333333,0.27981,0,0.5
0,0,0.603448,0.333333,0.447337,0.5,0.5
0,0,0.431034,0.333333,0.394477,0.5,0.5
0,0,0.258621,0.333333,0.314618,0.5,0.5
0,0,0.586207,0.333333,0.335526,0,0.5
0,1,0.137931,0.333333,0.215032,0,1
0,0,0.344828,0.333333,0.510624,1,0.5
0,0,0.5,0.333333,0.474032,0.5,1
0,1,0.137931,0.333333,0.30913,0.5,0.5
0,1,0.310345,0.333333,0.473466,0.5,0.5
0,0,0.310345,0.333333,0.306992,0.5,0.5
0,0,0.672414,0.666667,0.433266,1,0.5
0,1,0.224138,0.333333,0.257498,1,1
0,0,0.465517,0.333333,0.366674,0.5,0.5
0,0,0.37931,0.333333,0.424382,1,0.5
0,1,0.051724,0.333333,0.313093,0.5,0.5
0,0,0.482759,0.333333,0.333837,0.5,1
0,0,0.293103,0.333333,0.327402,0.5,1
0,1,0.224138,0.333333,0.378961,0,1
0,0,0.568966,0.333333,0.325951,0.5,1
0,1,0.051724,0.333333,0.239968,1,0.5
0,0,0.517241,0.333333,0.438252,0.5,0.5
0,0,0.517241,0.333333,0.389399,0.5,1
0,0,0.862069,0.666667,0.41254,0,0.5
0,1,0.465517,0.666667,0.294854,0.5,1
0,0,0.293103,0.333333,0.418251,1,1
0,1,0.068966,0.333333,0.235589,0.5,1
0,0,0.448276,0.333333,0.316087,0,0.5
0,0,0.586207,0.333333,0.451077,0.5,0.5
0,0,0.517241,0.333333,0.344567,0.5,1
0,0,0.258621,0.333333,0.37917,0.5,1
0,1,0.293103,0.333333,0.318292,0.5,0.5
0,1,0.793103,0.666667,0.434015,0.5,0.5
0,0,0.689655,0.333333,0.41488,0,1
0,1,0.103448,0.333333,0.300766,0,1
0,0,0.37931,0.333333,0.292467,0,1
0,0,0.534483,0.333333,0.302484,1,1
0,0,0.224138,0.333333,0.376826,0.5,1
0,0,0.482759,0.333333,0.22918,0.5,1
0,0,0.482759,0.333333,0.258632,0.5,0.5
0,0,0.534483,0.333333,0.313528,0.5,0.5
0,0,0.189655,0.333333,0.364758,0,0.5
0,0,0.327586,0.333333,0.287791,0.5,1
0,0,0.258621,0.333333,0.42228,1,0.5
0,0,0.913793,0.666667,0.491917,0.5,1
0,0,0.293103,0.333333,0.301449,0.5,1
0,0,0.37931,0.333333,0.27112,0.5,1
1,0,0.155172,0.333333,0.200423,0,0
1,0,0.741379,0.666667,0.283177,0,0
1,1,0.189655,0.333333,0.23493,0.5,0.5
1,0,0.258621,0.333333,0.269281,0.5,0
1,0,0.655172,0.666667,0.378731,0,0
1,1,0.155172,0.333333,0.320178,0.5,0.5
1,1,0.068966,0.333333,0.37324,0.5,0
1,1,0.017241,0.333333,0.23137,0.5,0
1,1,0.172414,0.333333,0.201995,0.5,0.5
1,1,0.103448,0.333333,0.27165,0.5,0.5
1,1,0.155172,0.333333,0.114096,0,0
1,1,0.206897,0.333333,0.334392,0.5,0.5
1,0,0.137931,0.333333,0.178125,0,0
1,1,0.137931,0.333333,0.321948,0.5,0
1,1,0.086207,0.333333,0.21384,0.5,0.5
1,1,0.172414,0.333333,0.220194,0.5,0
1,1,0.844828,1,0.398531,0.5,0
1,1,0.155172,0.333333,0.261955,0.5,0.5
1,1,0.241379,0.333333,0.229374,0.5,0
1,0,0.103448,0.333333,0.261871,0,0
1,1,0.172414,0.333333,0.292386,0.5,0.5
1,0,0.517241,0.666667,0.303135,0,0
1,1,0.241379,0.333333,0.377579,0.5,0.5
1,1,0.12069,0.333333,0.212929,0.5,0
1,1,0.672414,0.666667,0.095674,0,0
1,1,0.172414,0.333333,0.334257,0.5,0
1,1,0.103448,0.333333,0.318113,0.5,0.5
1,1,0.12069,0.333333,0.095327,0,0
1,0,0.224138,0.333333,0.195425,0,0
1,0,0.258621,0.333333,0.248103,0.5,0.5
1,1,0.551724,0.666667,0.408621,0.5,0
1,1,0.689655,0.666667,0.378007,0,0.5
1,1,0.155172,0.333333,0.263589,0,0
1,1,0.517241,0.666667,0.293944,0,0
1,1,0.068966,0.333333,0.183313,0,0
1,1,0.37931,0.333333,0.322335,0,0
1,1,0.241379,0.333333,0.312929,0.5,0
1,0,0.12069,0.333333,0.209851,0,0
1,1,0.155172,0.333333,0.117474,0,0
1,1,0.155172,0.333333,0.190724,0,0
1,1,0.086207,0.333333,0.34102,0.5,0
1,1,0.241379,0.333333,0.268678,0.5,0.5
1,1,0.12069,0.333333,0.281331,0.5,0.5
1,1,0.482759,0.666667,0.368889,0,0
1,1,0.051724,0.333333,0.26303,0.5,0.5
1,1,0.189655,0.333333,0.247481,0.5,0
1,1,0.224138,0.333333,0.209624,0,0
1,0,0.137931,0.333333,0.258569,0,0
1,1,0.086207,0.333333,0.281123,0.5,0.5
1,0,0.344828,0.333333,0.245028,0.5,0.5
1,0,0.293103,0.333333,0.181145,0,0
1,1,0.155172,0.333333,0.237376,0.5,0.5
1,1,0.068966,0.333333,0.34955,0.5,0.5
1,1,0.586207,0.666667,0.319385,0.5,0
1,1,0.017241,0.333333,0.232832,0.5,0.5
1,1,0.086207,0.333333,0.281579,0.5,0
1,0,0.413793,0.333333,0.27301,0.5,0
1,1,0.155172,0.333333,0.258156,0.5,0.5
1,1,0.362069,0.666667,0.196807,0,0
1,1,0.551724,0.666667,0.337807,0.5,0.5
1,1,0.310345,0.333333,0.357483,0.5,0
1,1,0.12069,0.333333,0.292474,0.5,0.5
1,1,0.155172,0.333333,0.108682,0,0
1,1,0.206897,0.333333,0.302743,0.5,0
1,0,0.068966,0.333333,0.101644,0,0
1,1,0.155172,0.333333,0.317392,0.5,0.5
1,0,0.224138,0.333333,0.392967,1,0.5
1,1,0.189655,0.333333,0.232967,0.5,0
1,0,0.275862,0.333333,0.003393,0,0
1,0,0.258621,0.333333,0.131988,0,0
1,1,0.137931,0.333333,0.289345,0.5,0
1,1,0.310345,0.333333,0.408943,0.5,0.5
1,1,0.137931,0.333333,0.067502,0,0
1,1,0.362069,0.333333,0.161524,0,0
1,1,0.448276,0.666667,0.153748,0,0
1,1,0.482759,0.666667,0.229169,0,0
1,1,0.224138,0.333333,0.245602,0,0
1,0,0.137931,0.333333,0.312742,0.5,0
1,1,0.068966,0.333333,0.203,0.5,0.5
1,0,0.517241,0.666667,0.252259,0,0
1,1,0.155172,0.333333,0.23901,0.5,0
1,0,0.206897,0.333333,0.0818,0,0
1,1,0.155172,0.333333,0.295673,0.5,0.5
1,1,0.310345,0.333333,0.261904,0.5,0.5
1,1,0.224138,0.333333,0.338765,0.5,0
1,0,0.051724,0.333333,0.324043,0.5,0
1,1,0.137931,0.333333,0.259896,0.5,0.5
1,0,0.103448,0.333333,0.250278,0.5,0
1,1,0.189655,0.333333,0.228025,0.5,0
1,1,0.241379,0.333333,0.333559,0.5,0
1,1,0.465517,0.666667,0.180173,0,0
1,1,0.689655,0.666667,0.249262,0,0
1,1,0.12069,0.333333,0.197531,0.5,0
1,1,0.844828,1,0.363643,0.5,0
1,1,0.603448,0.666667,0.263329,0,0
1,1,0.103448,0.333333,0.32231,0.5,0
1,0,0.034483,0.333333,0.202675,0,0
1,1,0.913793,1,0.35613,0,0
1,1,0.224138,0.333333,0.302568,0.5,0.5
1,1,0.155172,0.333333,0.017453,0,0
1,1,0.310345,0.333333,0.341722,0,0
1,1,0.12069,0.333333,0.282548,0.5,0
1,0,0.396552,0.333333,0.355713,0.5,0
1,1,0.206897,0.333333,0.259728,0.5,0.5
1,1,0.241379,0.333333,0.347447,0.5,0.5
1,1,0.189655,0.333333,0.328258,0,0
1,0,0.155172,0.333333,0.157535,0,0
1,1,0.241379,0.333333,0.322269,0.5,0
1,1,0.12069,0.333333,0.143866,0,0
1,0,0.103448,0.333333,0.270027,0.5,0
1,1,0.775862,0.666667,0.184406,0,0
1,0,0.413793,0.666667,0.282812,0,0
1,1,0.068966,0.333333,0.268495,0,0
1,1,0.482759,0.666667,0.393581,0.5,0.5
1,1,0.103448,0.333333,0.233018,0.5,0.5
1,0,0.206897,0.333333,0.378881,0.5,0.5
1,1,0.448276,0.666667,0.26613,0,0
1,0,0.12069,0.333333,0.257824,0.5,0
1,1,0.155172,0.333333,0.223447,0.5,0
1,1,0.155172,0.333333,0.386317,0.5,0.5
1,1,0.275862,0.333333,0.272685,0.5,0.5
1,1,0,0.333333,0.226332,0.5,0.5
1,1,0.12069,0.333333,0.233066,0.5,0.5
1,1,0.051724,0.333333,0.101875,0,0
1,1,0.137931,0.333333,0.2956,0.5,0.5
1,1,0.155172,0.333333,0.349904,1,0.5
1,0,0.12069,0.333333,0.366403,0.5,0.5
1,1,0.206897,0.333333,0.235303,0.5,0.5
1,0,0.827586,1,0.347926,0.5,0
1,1,0.12069,0.333333,0.249441,0.5,0.5
1,1,0.431034,0.666667,0.372377,0.5,0
1,1,0.293103,0.333333,0.372435,0.5,0.5
1,0,0.896552,1,0.124603,0,0
1,0,0.293103,0.333333,0.120275,0,0
1,1,0.137931,0.333333,0.255524,0.5,0
1,0,0.189655,0.333333,0.154446,0,0
1,1,0.068966,0.333333,0.274202,0,0
1,0,0.137931,0.333333,0.29137,0.5,0.5
1,1,0.310345,0.333333,0.207987,0,0
1,1,0.293103,0.333333,0.262042,0.5,0.5
1,1,0.172414,0.333333,0.295874,0.5,0.5
1,1,0.103448,0.333333,0.23727,0.5,0
1,1,0.275862,0.333333,0.207727,0,0
1,1,0.12069,0.333333,0.260134,0.5,0
1,1,0.62069,0.666667,0.058677,0,0
1,0,0.482759,0.666667,0.25196,0,0
1,1,0.413793,0.333333,0.055259,0,0
1,0,0.465517,0.666667,0.333248,0,0
1,0,0.517241,0.666667,0.271965,0,0
1,0,0.051724,0.333333,0.236751,0,0
1,1,0.224138,0.333333,0.319615,0.5,0
1,0,0.293103,0.333333,0.372549,0.5,0.5
1,1,0.310345,0.333333,0.271957,0.5,0.5
1,1,0.241379,0.333333,0.233505,0,0
1,1,0.137931,0.333333,0.258964,0,0
1,1,0.275862,0.333333,0.39296,0.5,0
1,1,0.810345,0.666667,0.364583,0.5,0.5
1,1,0.551724,0.666667,0.210425,0,0
1,1,0.362069,0.333333,0.225732,0.5,0
1,0,0.586207,0.666667,0.323048,0,0
1,1,0.310345,0.333333,0.165626,0,0
1,1,0.189655,0.333333,0.305657,0.5,0
1,1,0.310345,0.333333,0.39995,0.5,0.5
1,1,0.310345,0.333333,0.18203,0,0
1,1,0.155172,0.333333,0.400469,0.5,0.5
1,1,0.310345,0.333333,0.365822,1,0.5
1,1,0.137931,0.333333,0.258244,0.5,0.5
1,0,0.672414,0.666667,0.283338,0.5,0.5
1,0,0.155172,0.333333,0.236638,0,0
1,1,0.689655,0.666667,0.265453,0,0
1,1,0.155172,0.333333,0.104704,0,0
1,1,0.534483,0.666667,0.308465,0.5,0
1,1,0.431034,0.666667,0.240732,0.5,0
1,0,0.465517,0.666667,0.206594,0,0
1,1,0.155172,0.333333,0.229512,0,0
1,1,0.275862,0.333333,0.225864,0.5,0.5
1,1,0.051724,0.333333,0.169874,0,0
1,1,0.62069,0.666667,0.327092,0.5,0.5
1,1,0.431034,0.666667,0.266488,0,0
1,0,0.12069,0.333333,0.181832,0,0
1,0,0.672414,0.666667,0.272509,0,0
1,1,0.137931,0.333333,0.236459,0.5,0.5
1,0,0.206897,0.333333,0.272813,0.5,0
1,0,0.689655,0.666667,0.388112,0,0
1,1,0.12069,0.333333,0.314248,0.5,0.5
1,1,0.086207,0.333333,0.377049,0.5,0
1,0,0.068966,0.333333,0.253711,0.5,0
1,1,0.051724,0.333333,0.20043,0.5,0.5
1,1,0.034483,0.333333,0.291056,0.5,0.5
1,1,0.068966,0.333333,0.088191,0,0
1,0,0.155172,0.333333,0.330623,0.5,0.5
1,0,0.103448,0.333333,0.164507,0,0
1,1,0.086207,0.333333,0.320961,0.5,0
1,1,0.137931,0.333333,0.243887,0.5,0.5
1,0,0.172414,0.333333,0.241712,0.5,0
1,1,0.793103,1,0.389161,0.5,0
1,1,0.137931,0.333333,0.254457,0.5,0.5
1,1,0.224138,0.333333,0.256946,0.5,0
1,0,0.172414,0.333333,0.275014,0,0
1,1,0.12069,0.333333,0.299512,0.5,0.5
1,0,0.534483,0.666667,0.301844,0,0
1,1,0.258621,0.333333,0.367153,0.5,0.5
1,0,0.155172,0.333333,0.224325,0.5,0
1,1,0.706897,0.666667,0.096036,0,0
1,1,0.172414,0.333333,0.320493,0.5,0
1,1,0.103448,0.333333,0.3089,0.5,0.5
1,1,0.137931,0.333333,0.112649,0,0
1,0,0.258621,0.333333,0.174009,0,0
1,0,0.327586,0.333333,0.262152,0.5,0.5
1,1,0.482759,0.666667,0.431569,0.5,0
1,1,0.758621,0.666667,0.381476,0,0.5
1,0,0.137931,0.333333,0.23606,0,0
1,1,0.534483,0.666667,0.315597,0,0
1,1,0.12069,0.333333,0.195586,0,0
1,1,0.327586,0.333333,0.3273,0,0
1,0,0.224138,0.333333,0.322734,0.5,0
1,0,0.12069,0.333333,0.210922,0,0
1,1,0.051724,0.333333,0.125536,0,0
1,1,0.155172,0.333333,0.17009,0,0
1,1,0.189655,0.333333,0.332367,0.5,0
1,1,0.206897,0.333333,0.24675,0.5,0.5
1,1,0.137931,0.333333,0.29326,0.5,0.5
1,1,0.37931,0.666667,0.370278,0,0
1,1,0.086207,0.333333,0.254204,0.5,0.5
1,1,0.224138,0.333333,0.219642,0.5,0
1,1,0.189655,0.333333,0.193166,0,0
1,0,0.068966,0.333333,0.248395,0,0
1,1,0.137931,0.333333,0.266996,0.5,0.5
1,0,0.362069,0.333333,0.256661,0.5,0.5
1,0,0.293103,0.333333,0.179208,0,0
1,1,0.137931,0.333333,0.219046,0.5,0.5
1,1,0.172414,0.333333,0.357487,0.5,0.5
1,1,0.655172,0.666667,0.354328,0.5,0
1,1,0.068966,0.333333,0.218914,0.5,0.5
1,1,0.137931,0.333333,0.267724,0.5,0
1,0,0.396552,0.333333,0.284022,0.5,0
1,1,0.189655,0.333333,0.268883,0.5,0.5
1,1,0.413793,0.666667,0.170825,0,0
1,1,0.551724,0.666667,0.325172,0.5,0.5
1,1,0.258621,0.333333,0.357216,0.5,0
1,1,0.172414,0.333333,0.294883,0.5,0.5
1,1,0.155172,0.333333,0.120651,0,0
1,1,0.155172,0.333333,0.322416,0.5,0
1,0,0.172414,0.333333,0.102547,0,0
1,1,0.103448,0.333333,0.316819,0.5,0.5
1,0,0.172414,0.333333,0.386138,1,0.5
1,1,0.241379,0.333333,0.23213,0.5,0
1,0,0.241379,0.333333,0.035674,0,0
1,0,0.206897,0.333333,0.12918,0,0
1,1,0.189655,0.333333,0.278432,0.5,0
1,1,0.327586,0.333333,0.399617,0.5,0.5
1,1,0.103448,0.333333,0.050597,0,0
1,1,0.310345,0.333333,0.145153,0,0
1,1,0.37931,0.666667,0.18604,0,0
1,1,0.568966,0.666667,0.226288,0,0
1,1,0.258621,0.333333,0.25948,0,0
1,0,0.224138,0.333333,0.30029,0.5,0
1,1,0.189655,0.333333,0.226295,0.5,0.5
1,0,0.517241,0.666667,0.26821,0,0
1,1,0.12069,0.333333,0.215964,0.5,0
1,0,0.172414,0.333333,0.079142,0,0
1,1,0.086207,0.333333,0.268133,0.5,0.5
1,1,0.241379,0.333333,0.275441,0.5,0.5
1,1,0.275862,0.333333,0.334231,0.5,0
1,0,0.086207,0.333333,0.291253,0.5,0
1,1,0.12069,0.333333,0.269318,0.5,0.5
1,0,0.12069,0.333333,0.251758,0.5,0
1,1,0.155172,0.333333,0.250921,0.5,0
1,1,0.189655,0.333333,0.308282,0.5,0
1,1,0.482759,0.666667,0.16586,0,0
1,1,0.741379,0.666667,0.225663,0,0
1,1,0.12069,0.333333,0.219653,0.5,0
1,1,0.844828,1,0.337149,0.5,0
1,1,0.534483,0.666667,0.24093,0,0
1,1,0.051724,0.333333,0.329676,0.5,0
1,0,0.017241,0.333333,0.202536,0,0
1,1,0.844828,1,0.338209,0,0
1,1,0.224138,0.333333,0.271295,0.5,0.5
1,1,0.155172,0.333333,0.008829,0,0
1,1,0.327586,0.333333,0.34071,0,0
1,1,0.155172,0.333333,0.289524,0.5,0
1,0,0.310345,0.333333,0.345448,0.5,0
1,1,0.103448,0.333333,0.24622,0.5,0.5
1,1,0.224138,0.333333,0.374636,0.5,0.5
1,1,0.189655,0.333333,0.317082,0,0
1,0,0.172414,0.333333,0.170068,0,0
1,1,0.275862,0.333333,0.327271,0.5,0
1,1,0.137931,0.333333,0.172221,0,0
1,0,0.051724,0.333333,0.263944,0.5,0
1,1,0.775862,0.666667,0.171468,0,0
1,0,0.344828,0.666667,0.296068,0,0
1,1,0.034483,0.333333,0.283842,0,0
1,1,0.448276,0.666667,0.393047,0.5,0.5
1,1,0.224138,0.333333,0.249485,0.5,0.5
1,0,0.258621,0.333333,0.375433,0.5,0.5
1,1,0.534483,0.666667,0.260035,0,0
1,0,0.137931,0.333333,0.265018,0.5,0
1,1,0.172414,0.333333,0.219177,0.5,0
1,1,0.206897,0.333333,0.383286,0.5,0.5
1,1,0.310345,0.333333,0.250073,0.5,0.5
1,1,0.155172,0.333333,0.06657,0,0
0,0,0.086207,0,0.263695,0,0
0,0,0.224138,0,0.284884,0.5,0
1,1,0.155172,0.333333,0.215887,0.5,0
1,1,0.12069,0.333333,0.329793,0.5,0
1,1,0.086207,0.333333,0.106459,0,0
0,1,0.155172,0.333333,0.113084,0,0
1,0,0.344828,0.333333,0.117094,0,0
0,0,0.448276,0.333333,0.284003,0,0
1,1,0.413793,0.333333,0.037571,0,0
1,1,0.12069,0.333333,0.247938,0,0
0,1,0.37931,0.333333,0.143351,0,0
1,1,0.103448,0.333333,0.294814,0,0
1,0,0.362069,0.333333,0.222212,0,0
0,0,0.103448,0,0.111925,0,0
1,0,0.551724,0.333333,0.304301,0.5,0
1,1,0.172414,0.333333,0.318577,0,0
1,1,0.310345,0.333333,0.167355,0,0
0,0,0.310345,0.333333,0.254767,0.5,0
1,1,0.37931,0.333333,0.185781,0,0
1,0,0.224138,0,0.148253,0,0
0,1,0.155172,0.333333,0.114444,0,0
1,1,0.293103,0.333333,0.209566,0,0
0,0,0.568966,0.333333,0.323001,0,0
1,0,0.137931,0,0.106123,0,0
0,0,0.258621,0.333333,0.187912,0,0
1,1,0.155172,0.333333,0.206455,0,0
0,0,0.344828,0.333333,0.177025,0,0
1,0,0.206897,0,0.25907,0.5,0
0,0,0.172414,0,0.282892,0.5,0
0,0,0.086207,0,0.128848,0,0
1,1,0.086207,0.333333,0.28676,0,0
1,1,0.137931,0.333333,0.327954,0.5,0
1,1,0.051724,0.333333,0.206959,0,0
1,0,0.310345,0.333333,0.144279,0,0
1,1,0.103448,0.333333,0.109219,0,0
0,0,0.396552,0.333333,0.309123,0.5,0
0,0,0.413793,0.333333,0.311167,0.5,0
0,0,0.155172,0,0.136851,0,0
0,1,0.37931,0.333333,0.152264,0,0
1,1,0.275862,0.333333,0.202719,0,0
0,0,0.37931,0.333333,0.250695,0,0
0,0,0.258621,0.333333,0.233296,0.5,0
1,0,0.534483,0.333333,0.226515,0,0
0,0,0.172414,0,0.168339,0,0
1,1,0.137931,0.333333,0.263501,0.5,0
1,0,0.37931,0.333333,0.229501,0,0
0,0,0.5,0.333333,0.217145,0,0
1,1,0.396552,0.333333,0.337551,0.5,0
1,1,0.189655,0.333333,0.213843,0,0
1,1,0.327586,0.333333,0.201011,0,0
0,0,0.224138,0,0.310337,0.5,0
0,0,0.293103,0.333333,0.271731,0.5,0
0,0,0.293103,0.333333,0.324123,0.5,0
1,1,0.189655,0.333333,0.143782,0,0
1,0,0.327586,0.333333,0.334052,0.5,0
0,0,0.327586,0.333333,0.174853,0,0
1,1,0.137931,0.333333,0.188526,0,0
1,1,0.172414,0.333333,0.157605,0,0
1,1,0.086207,0.333333,0.192372,0,0
0,0,0.344828,0.333333,0.249682,0.5,0
1,1,0.206897,0.333333,0.235735,0.5,0
1,0,0.465517,0.333333,0.261596,0.5,0
0,0,0.103448,0,0.177394,0,0
1,0,0.293103,0.333333,0.281104,0.5,0
1,1,0.396552,0.333333,0.29269,0.5,0
0,1,0.206897,0.333333,0.258708,0.5,0
1,1,0.206897,0.333333,0.312559,0.5,0
1,1,0.137931,0.333333,0.207387,0,0
1,1,0.12069,0.333333,0.189027,0,0
1,1,0.086207,0.333333,0.126994,0,0
1,1,0.155172,0.333333,0.180827,0,0
1,0,0.137931,0,0.128223,0,0
0,0,0.12069,0,0.248176,0,0
0,1,0.155172,0.333333,0.216117,0.5,0
1,0,0.413793,0.333333,0.161897,0,0
0,0,0.293103,0.333333,0.185207,0,0
1,1,0.12069,0.333333,0.193177,0,0
1,1,0.137931,0.333333,0.172382,0,0
0,0,0.344828,0.333333,0.337321,0.5,0
1,0,0.172414,0,0.135403,0,0
0,1,0.258621,0.333333,0.279291,0.5,0
1,0,0.37931,0.333333,0.215119,0,0
1,1,0.086207,0.333333,0.238257,0.5,0
1,0,0.12069,0,0.281839,0.5,0
1,0,0.172414,0,0.266196,0,0
0,0,0.396552,0.333333,0.122775,0,0
1,0,0.551724,0.333333,0.279207,0,0
1,1,0.086207,0.333333,0.270052,0.5,0
1,1,0.137931,0.333333,0.250983,0.5,0
1,1,0.068966,0.333333,0.092885,0,0
0,0,0.327586,0.333333,0.306253,0,0
1,0,0.344828,0.333333,0.16518,0,0
1,1,0.068966,0.333333,0.118206,0,0
1,0,0.206897,0,0.193104,0,0
0,0,0.344828,0.333333,0.145771,0,0
1,1,0.310345,0.333333,0.249905,0.5,0
0,0,0.396552,0.333333,0.130774,0,0
1,1,0.189655,0.333333,0.314705,0.5,0
1,1,0.224138,0.333333,0.258855,0.5,0
1,0,0.224138,0,0.233859,0.5,0
1,0,0.051724,0,0.116246,0,0
0,0,0.241379,0,0.309002,0.5,0
1,1,0.293103,0.333333,0.315422,0.5,0
0,0,0.189655,0,0.194997,0,0
1,0,0.275862,0.333333,0.268206,0.5,0
1,0,0.344828,0.333333,0.206777,0,0
1,1,0.258621,0.333333,0.029148,0,0
1,1,0.172414,0.333333,0.119024,0,0
1,1,0.172414,0.333333,0.280366,0.5,0
0,0,0.051724,0,0.085632,0,0
1,1,0.189655,0.333333,0.229516,0,0
1,1,0.137931,0.333333,0.127287,0,0
1,0,0.37931,0.333333,0.217145,0,0
1,0,0.12069,0,0.040335,0,0
0,1,0.034483,0.333333,0.240762,0.5,0
1,1,0.086207,0.333333,0.097926,0,0
1,0,0.155172,0,0.243843,0.5,0
1,0,0.310345,0.333333,0.237285,0.5,0
1,1,0.12069,0.333333,0.261355,0.5,0
1,1,0.12069,0.333333,0.281675,0,0
1,1,0.275862,0.333333,0.327347,0,0
1,0,0.103448,0,0.12279,0,0
1,0,0.310345,0.333333,0.325106,0.5,0
1,0,0.37931,0.333333,0.158095,0,0
0,0,0.362069,0.333333,0.178944,0,0
1,0,0.413793,0.333333,0.151942,0,0
0,0,0.293103,0.333333,0.282801,0,0
1,1,0.155172,0.333333,0.2313,0.5,0
0,0,0.155172,0,0.106467,0,0
1,1,0.086207,0.333333,0.24645,0.5,0
1,1,0.241379,0.333333,0.325896,0.5,0
0,1,0.172414,0.333333,0.357362,0.5,0
0,0,0.068966,0,0.247456,0.5,0
0,0,0.224138,0,0.299713,0.5,0
1,1,0.068966,0.333333,0.30735,0.5,0
0,0,0.086207,0,0.127777,0,0
1,1,0.293103,0.333333,0.327706,0,0
1,1,0.137931,0.333333,0.270352,0,0
1,1,0.172414,0.333333,0.155338,0,0
0,0,0.62069,0.333333,0.327878,0.5,0
1,0,0.534483,0.333333,0.243595,0,0
1,0,0.344828,0.333333,0.195505,0,0
1,0,0.5,0.333333,0.272198,0.5,0
1,0,0.534483,0.333333,0.316449,0,0
1,1,0.206897,0.333333,0.294543,0.5,0
1,0,0.241379,0,0.168445,0,0
1,1,0.103448,0.333333,0.226946,0,0
1,0,0.12069,0,0.117789,0,0
0,0,0.258621,0.333333,0.170298,0,0
1,1,0.275862,0.333333,0.319001,0.5,0
1,1,0.103448,0.333333,0.112254,0,0
1,0,0.310345,0.333333,0.336685,0,0
1,0,0.396552,0.333333,0.157682,0,0
0,1,0.258621,0.333333,0.266375,0.5,0
1,1,0.137931,0.333333,0.237852,0.5,0
1,0,0.310345,0.333333,0.306099,0.5,0
1,0,0.293103,0.333333,0.293728,0,0
0,0,0.189655,0,0.277927,0.5,0
1,1,0.137931,0.333333,0.124296,0,0
0,0,0.224138,0,0.122629,0,0
0,1,0.137931,0.333333,0.129703,0,0
0,0,0.5,0.333333,0.13922,0,0
0,1,0.034483,0.333333,0.21811,0.5,0
0,0,0.465517,0.333333,0.268696,0,0
0,0,0.310345,0.333333,0.293183,0.5,0
0,1,0.224138,0.333333,0.168737,0,0
1,0,0.396552,0.333333,0.174199,0,0
1,0,0.224138,0,0.133546,0,0
1,1,0.155172,0.333333,0.258811,0,0
1,1,0.241379,0.333333,0.32126,0.5,0
1,0,0.431034,0.333333,0.159108,0,0
1,0,0.241379,0,0.118871,0,0
1,1,0.189655,0.333333,0.29247,0.5,0
0,0,0.327586,0.333333,0.197834,0,0
1,0,0.293103,0.333333,0.184574,0,0
1,1,0.086207,0.333333,0.128435,0,0
0,0,0.37931,0.333333,0.256964,0.5,0
1,1,0.137931,0.333333,0.226752,0.5,0
0,0,0.172414,0,0.095024,0,0
1,1,0.37931,0.333333,0.248874,0.5,0
1,1,0.137931,0.333333,0.234419,0,0
1,1,0.086207,0.333333,0.283627,0.5,0
0,0,0.137931,0,0.260514,0,0
0,0,0.137931,0,0.325194,0.5,0
1,0,0.534483,0.333333,0.206371,0,0
1,1,0.137931,0.333333,0.220768,0.5,0
1,0,0.293103,0.333333,0.184216,0,0
1,1,0.103448,0.333333,0.16499,0,0
1,0,0.482759,0.333333,0.156918,0,0
0,0,0.137931,0,0.08845,0,0
0,0,0.5,0.333333,0.191294,0,0
0,0,0.155172,0,0.08792,0,0
0,1,0.396552,0.333333,0.281452,0.5,0
1,1,0.189655,0.333333,0.242816,0.5,0
1,1,0.172414,0.333333,0.011509,0,0
1,1,0.258621,0.333333,0.168079,0,0
1,0,0.551724,0.333333,0.20954,0,0
1,1,0.241379,0.333333,0.263954,0.5,0
0,1,0.224138,0.333333,0.195601,0,0
0,0,0.586207,0.333333,0.218647,0,0
0,0,0.603448,0.333333,0.325629,0.5,0
1,1,0.275862,0.333333,0.189992,0,0
1,1,0.068966,0.333333,0.20731,0.5,0
0,1,0.258621,0.333333,0.174952,0,0
0,0,0.241379,0,0.338088,0.5,0
1,0,0.465517,0.333333,0.251971,0,0
0,1,0.12069,0.333333,0.118414,0,0
1,1,0.396552,0.333333,0.223645,0,0
1,0,0.310345,0.333333,0.261542,0,0
1,1,0.155172,0.333333,0.273017,0.5,0
0,0,0.37931,0.333333,0.132931,0,0
1,0,0.327586,0.333333,0.219865,0,0
0,0,0.293103,0.333333,0.254903,0,0
0,0,0.275862,0.333333,0.193283,0,0
1,0,0.172414,0,0.299336,0.5,0
1,0,0.448276,0.333333,0.147058,0,0
0,1,0.155172,0.333333,0.236024,0.5,0
1,0,0.551724,0.333333,0.283243,0.5,0
1,1,0,0.333333,0.237969,0.5,0
1,0,0.12069,0,0.132913,0,0
1,1,0.37931,0.333333,0.12649,0,0
0,1,0.172414,0.333333,0.271526,0.5,0
1,1,0.086207,0.333333,0.091371,0,0
1,1,0.293103,0.333333,0.143559,0,0
1,1,0.172414,0.333333,0.341806,0.5,0
1,0,0.086207,0,0.218289,0.5,0
0,1,0.275862,0.333333,0.281302,0.5,0
1,1,0.189655,0.333333,0.057266,0,0
1,0,0.293103,0.333333,0.244757,0.5,0
1,1,0.241379,0.333333,0.18887,0,0
1,0,0.482759,0.333333,0.134887,0,0
1,1,0.155172,0.333333,0.288606,0.5,0
1,1,0.12069,0.333333,0.323644,0.5,0
1,1,0.155172,0.333333,0.240513,0,0
1,1,0.103448,0.333333,0.190588,0,0
1,0,0.258621,0,0.12317,0,0
1,1,0.103448,0.333333,0.26927,0.5,0
1,0,0.172414,0,0.151258,0,0
1,0,0.293103,0.333333,0.064987,0,0
1,1,0.206897,0.333333,0.302871,0.5,0
0,0,0.431034,0.333333,0.294956,0.5,0
0,1,0.051724,0.333333,0.288537,0,0
1,1,0.103448,0.333333,0.109749,0,0
0,0,0.275862,0.333333,0.145482,0,0
1,1,0.137931,0.333333,0.334963,0.5,0
0,0,0.327586,0.333333,0.260449,0.5,0
1,1,0.241379,0.333333,0.169501,0,0
1,1,0.258621,0.333333,0.259235,0,0
0,1,0.172414,0.333333,0.214549,0.5,0
1,1,0.206897,0.333333,0.287345,0.5,0
1,1,0.137931,0.333333,0.077991,0,0
1,0,0.12069,0,0.269723,0,0
0,0,0.258621,0,0.28438,0.5,0
1,1,0.206897,0.333333,0.212121,0.5,0
1,1,0.137931,0.333333,0.340691,0.5,0
0,1,0.086207,0.333333,0.11323,0,0
0,1,0.12069,0.333333,0.098186,0,0
1,0,0.37931,0.333333,0.116209,0,0
0,0,0.482759,0.333333,0.283927,0,0
1,1,0.431034,0.333333,0.046795,0,0
1,1,0.068966,0.333333,0.261622,0,0
0,1,0.362069,0.333333,0.133633,0,0
1,1,0.155172,0.333333,0.292843,0,0
0,0,0.37931,0.333333,0.209668,0,0
0,0,0.103448,0,0.101173,0,0
1,0,0.586207,0.333333,0.28438,0.5,0
1,1,0.206897,0.333333,0.312823,0,0
1,1,0.275862,0.333333,0.155188,0,0
1,0,0.344828,0.333333,0.248943,0.5,0
0,1,0.362069,0.333333,0.19473,0,0
1,0,0.189655,0,0.164588,0,0
0,1,0.12069,0.333333,0.107391,0,0
1,1,0.293103,0.333333,0.210809,0,0
0,0,0.603448,0.333333,0.31491,0,0
0,0,0.137931,0,0.095766,0,0
0,0,0.258621,0.333333,0.192921,0,0
0,1,0.189655,0.333333,0.197717,0,0
0,0,0.362069,0.333333,0.173691,0,0
0,0,0.189655,0,0.247163,0.5,0
0,0,0.137931,0,0.291077,0.5,0
0,0,0.103448,0,0.118516,0,0
1,1,0.051724,0.333333,0.28442,0,0
1,1,0.137931,0.333333,0.329205,0.5,0
1,1,0.034483,0.333333,0.202335,0,0
1,0,0.293103,0.333333,0.136854,0,0
1,1,0.103448,0.333333,0.121335,0,0
1,0,0.37931,0.333333,0.317188,0.5,0
1,0,0.448276,0.333333,0.315678,0.5,0
0,0,0.189655,0,0.143778,0,0
1,1,0.362069,0.333333,0.168686,0,0
1,1,0.293103,0.333333,0.206053,0,0
0,0,0.413793,0.333333,0.261571,0,0
1,0,0.241379,0.333333,0.227363,0.5,0
0,0,0.517241,0.333333,0.215828,0,0
0,0,0.137931,0,0.174056,0,0
1,1,0.137931,0.333333,0.270736,0.5,0
0,0,0.413793,0.333333,0.230481,0,0
0,0,0.517241,0.333333,0.216172,0,0
1,1,0.413793,0.333333,0.346972,0.5,0
1,1,0.155172,0.333333,0.213003,0,0
1,1,0.327586,0.333333,0.216571,0,0
0,0,0.258621,0,0.297866,0.5,0
0,0,0.258621,0.333333,0.278801,0.5,0
1,0,0.327586,0.333333,0.32194,0.5,0
1,1,0.224138,0.333333,0.162164,0,0
0,0,0.362069,0.333333,0.322657,0.5,0
1,0,0.37931,0.333333,0.171245,0,0
1,1,0.172414,0.333333,0.193857,0,0
1,1,0.137931,0.333333,0.163447,0,0
1,1,0.103448,0.333333,0.17693,0,0
0,0,0.37931,0.333333,0.249079,0.5,0
1,1,0.189655,0.333333,0.243354,0.5,0
0,0,0.431034,0.333333,0.276863,0.5,0
0,0,0.086207,0,0.19167,0,0
1,0,0.275862,0.333333,0.288577,0.5,0
1,1,0.413793,0.333333,0.283122,0.5,0
1,1,0.258621,0.333333,0.251974,0.5,0
1,1,0.241379,0.333333,0.309627,0.5,0
1,1,0.137931,0.333333,0.220267,0,0
1,1,0.086207,0.333333,0.187894,0,0
1,1,0.137931,0.333333,0.122476,0,0
1,1,0.155172,0.333333,0.189905,0,0
0,0,0.103448,0,0.12849,0,0
0,0,0.155172,0,0.249931,0,0
1,1,0.137931,0.333333,0.225637,0.5,0
1,0,0.413793,0.333333,0.15774,0,0
1,0,0.327586,0.333333,0.170613,0,0
1,1,0.137931,0.333333,0.184527,0,0
1,1,0.103448,0.333333,0.156947,0,0
1,0,0.362069,0.333333,0.327973,0.5,0
0,0,0.137931,0,0.126142,0,0
0,1,0.293103,0.333333,0.282026,0.5,0
0,0,0.344828,0.333333,0.222457,0,0
1,1,0.103448,0.333333,0.230649,0.5,0
1,0,0.137931,0,0.268407,0.5,0
0,0,0.12069,0,0.267347,0,0
0,0,0.37931,0.333333,0.129674,0,0
1,0,0.517241,0.333333,0.262949,0,0
1,1,0.068966,0.333333,0.276999,0.5,0
1,1,0.12069,0.333333,0.245463,0.5,0
0,1,0.103448,0.333333,0.100939,0,0
0,0,0.362069,0.333333,0.303734,0,0
0,0,0.362069,0.333333,0.165081,0,0
1,1,0.051724,0.333333,0.12049,0,0
1,0,0.155172,0,0.185097,0,0
0,0,0.37931,0.333333,0.15007,0,0
1,1,0.327586,0.333333,0.261677,0.5,0
1,0,0.413793,0.333333,0.121675,0,0
1,1,0.224138,0.333333,0.304663,0.5,0
1,1,0.224138,0.333333,0.241968,0.5,0
0,0,0.206897,0,0.226109,0.5,0
1,0,0.086207,0,0.106861,0,0
0,0,0.258621,0,0.300923,0.5,0
1,1,0.327586,0.333333,0.324335,0.5,0
1,0,0.189655,0,0.182081,0,0
1,0,0.224138,0.333333,0.282512,0.5,0
0,0,0.362069,0.333333,0.211025,0,0
1,1,0.258621,0.333333,0.024436,0,0
0,1,0.137931,0.333333,0.133794,0,0
1,1,0.155172,0.333333,0.271712,0.5,0
1,0,0.034483,0,0.091883,0,0
1,1,0.155172,0.333333,0.23685,0,0
1,1,0.137931,0.333333,0.128647,0,0
0,0,0.37931,0.333333,0.213346,0,0
0,0,0.103448,0,0.032574,0,0
1,1,0.068966,0.333333,0.246293,0.5,0
1,1,0.103448,0.333333,0.096892,0,0
1,0,0.155172,0,0.248435,0.5,0
0,0,0.293103,0.333333,0.232401,0.5,0
0,1,0.155172,0.333333,0.25359,0.5,0
1,1,0.12069,0.333333,0.291498,0,0
1,1,0.275862,0.333333,0.329069,0,0
1,0,0.103448,0,0.117368,0,0
1,0,0.275862,0.333333,0.310863,0.5,0
0,0,0.413793,0.333333,0.151664,0,0
1,0,0.344828,0.333333,0.178484,0,0
0,0,0.413793,0.333333,0.167344,0,0
1,0,0.293103,0.333333,0.283506,0,0
1,1,0.155172,0.333333,0.236945,0.5,0
0,0,0.12069,0,0.103114,0,0
1,1,0.086207,0.333333,0.239526,0.5,0
1,1,0.275862,0.333333,0.330864,0.5,0
1,1,0.172414,0.333333,0.347473,0.5,0
0,0,0.051724,0,0.247276,0.5,0
1,0,0.241379,0,0.287922,0.5,0
1,1,0.051724,0.333333,0.310201,0.5,0
0,0,0.12069,0,0.112586,0,0
1,1,0.293103,0.333333,0.323966,0,0
1,1,0.12069,0.333333,0.258599,0,0
1,1,0.224138,0.333333,0.156932,0,0
0,0,0.62069,0.333333,0.338918,0.5,0
1,0,0.568966,0.333333,0.238517,0,0
1,0,0.344828,0.333333,0.189513,0,0
0,0,0.465517,0.333333,0.28363,0.5,0
1,0,0.5,0.333333,0.320595,0,0
1,1,0.155172,0.333333,0.29946,0.5,0
0,0,0.224138,0,0.184871,0,0
1,1,0.103448,0.333333,0.227162,0,0
0,0,0.12069,0,0.119123,0,0
